40.364857 -3.721314
40.507576 -3.708590
40.429958 -3.596972
40.369034 -3.797736
40.358006 -3.679991
40.266155 -3.690616
40.367031 -3.806659
40.449318 -3.642866
40.334633 -3.532783
40.359039 -3.763650
40.423241 -3.884711
40.465061 -3.625402
40.444859 -3.827640
40.384880 -3.824358
40.478607 -3.750999
40.429958 -3.596972
40.367031 -3.806659
40.463493 -3.781961
40.341621 -3.538976
40.437378 -3.832592
40.421299 -3.601670
40.257881 -3.762653
40.282368 -3.746238
40.449120 -3.879770
40.458035 -3.747154
40.484322 -3.861005
40.419968 -3.605392
40.444859 -3.827640
40.324753 -3.893976
40.466732 -3.459445
40.458035 -3.747154
40.469170 -3.816070
40.484322 -3.861005
40.496338 -3.726288
40.354614 -3.836847
40.324753 -3.893976
40.453838 -3.607824
40.496338 -3.726288
40.484322 -3.861005
40.469170 -3.816070
40.522518 -3.687773
40.496338 -3.726288
40.484322 -3.861005
40.469170 -3.816070
40.445023 -3.659119
40.348461 -3.546503
40.522518 -3.687773
40.520126 -3.652247
40.532639 -3.616940
40.466961 -3.464256
40.484009 -3.673560
40.445023 -3.659119
40.419968 -3.605392
40.270393 -3.754530
40.354816 -3.822617
40.362137 -3.790241
40.419968 -3.605392
40.274387 -3.751845
40.443062 -3.664485
40.359524 -3.767781
40.414532 -3.887845
40.483719 -3.678830
40.528854 -3.646277
40.449318 -3.642866
40.361897 -3.744586
40.433746 -3.838958
40.466961 -3.810959
40.359039 -3.763650
40.444263 -3.732229
40.507576 -3.708590
40.474316 -3.771878
40.251858 -3.769841
40.463493 -3.781961
40.509422 -3.689245
40.484009 -3.673370
40.266155 -3.690616
40.465782 -3.885925
40.556274 -3.710440
40.369034 -3.797736
40.483719 -3.678830
40.556274 -3.710440
40.369034 -3.797736
40.328720 -3.688098
40.322906 -3.730399
40.532169 -3.617710
40.451027 -3.739870
40.532070 -3.620491
40.414532 -3.887845
40.645638 -3.732488
40.266155 -3.690616
40.507576 -3.708590
40.532070 -3.620491
40.398281 -3.765945
40.465061 -3.625402
40.257881 -3.762653
40.386013 -3.606338
40.645638 -3.732488
40.473400 -3.783156
40.266155 -3.690616
40.375244 -3.682789
40.398281 -3.765945
40.367031 -3.806659
40.316303 -3.897745
40.461597 -3.495246
40.421299 -3.601670
40.466961 -3.810959
40.364170 -3.698307
40.364170 -3.698307
40.449120 -3.879770
40.529335 -3.517828
40.484009 -3.673370
40.449261 -3.631480
40.573669 -3.708828
40.449650 -3.613724
40.466152 -3.805181
40.484657 -3.743028
40.462170 -3.770273
40.443626 -3.850992
40.447002 -3.653746
40.529335 -3.517828
40.509422 -3.689245
40.443626 -3.850992
40.421299 -3.601670
40.444859 -3.827640
40.447002 -3.653746
40.449650 -3.613724
40.466152 -3.805181
40.298828 -3.938095
40.421299 -3.601670
40.484657 -3.743028
40.341621 -3.538976
40.358006 -3.679991
40.466152 -3.805181
40.483547 -3.858949
40.520771 -3.687195
40.449520 -3.561419
40.443626 -3.850992
40.483547 -3.858949
40.466152 -3.805181
40.447002 -3.653746
40.363041 -3.686617
40.444859 -3.827640
40.520771 -3.687195
40.484657 -3.743028
40.449318 -3.642866
40.532169 -3.617710
40.421299 -3.601670
40.484009 -3.673370
40.449318 -3.642866
40.483547 -3.858949
40.484009 -3.673370
40.520771 -3.687195
40.324753 -3.893976
40.369034 -3.797736
40.361988 -3.778532
40.364098 -3.709710
40.364857 -3.721314
40.421299 -3.601670
40.375244 -3.682789
40.410442 -3.621823
40.397018 -3.833490
40.454132 -3.765990
40.375244 -3.682789
40.448544 -3.637180
40.466961 -3.810959
40.556274 -3.710440
40.358006 -3.679991
40.391911 -3.774190
40.395206 -3.832705
40.395206 -3.832705
40.461597 -3.495246
40.369034 -3.797736
40.266155 -3.690616
40.478607 -3.750999
40.333755 -3.678755
40.512440 -3.698908
40.414532 -3.887845
40.465782 -3.885925
40.429958 -3.596972
40.532639 -3.616940
40.433746 -3.838958
40.472454 -3.632213
40.573669 -3.708828
40.391644 -3.630430
40.484009 -3.673560
40.448544 -3.637180
40.433746 -3.838958
40.645638 -3.732488
40.363041 -3.686617
40.463493 -3.781961
40.391644 -3.630430
40.448048 -3.526997
40.509422 -3.689245
40.463493 -3.781961
40.400932 -3.626479
40.465782 -3.885925
40.486519 -3.644278
40.556274 -3.710440
40.324753 -3.893976
40.369034 -3.797736
40.363041 -3.686617
40.266155 -3.690616
40.359039 -3.763650
40.361652 -3.563415
40.483719 -3.678830
40.355190 -3.571812
40.532639 -3.616940
40.509422 -3.689245
40.369034 -3.797736
40.532070 -3.620491
40.414532 -3.887845
40.645638 -3.732488
40.322906 -3.730399
40.444263 -3.732229
40.375244 -3.682789
40.389664 -3.616950
40.556274 -3.710440
40.473400 -3.783156
40.507576 -3.708590
40.376469 -3.719441
40.466961 -3.810959
40.386013 -3.606338
40.367031 -3.806659
40.398281 -3.765945
40.367031 -3.806659
40.316303 -3.897745
40.257881 -3.762653
40.466961 -3.810959
40.266155 -3.690616
40.421299 -3.601670
40.461597 -3.495246
40.364170 -3.698307
40.364170 -3.698307
40.449120 -3.879770
40.230160 -3.689474
40.324753 -3.893976
40.456600 -3.505169
40.451172 -3.819141
40.484657 -3.743028
40.466152 -3.805181
40.532070 -3.620491
40.456600 -3.505169
40.239239 -3.689763
40.483547 -3.858949
40.458344 -3.617897
40.382423 -3.813327
40.451172 -3.819141
40.484657 -3.743028
40.359039 -3.763650
40.528854 -3.646277
40.447269 -3.537780
40.354614 -3.836847
40.483547 -3.858949
40.466152 -3.805181
40.466152 -3.805181
40.354614 -3.836847
40.447269 -3.537780
40.447002 -3.653746
40.315868 -3.736435
40.322906 -3.730399
40.322906 -3.730399
40.484009 -3.673560
40.512054 -3.657276
40.483547 -3.858949
40.359039 -3.763650
40.364857 -3.721314
40.282448 -3.746392
40.461597 -3.495246
40.458344 -3.617897
40.563240 -3.905618
40.525082 -3.688830
40.484009 -3.673370
40.190903 -3.803082
40.447002 -3.653746
40.282448 -3.746392
40.421299 -3.601670
40.363041 -3.686617
40.324753 -3.893976
40.364368 -3.664298
40.354816 -3.822617
40.308346 -3.903234
40.421299 -3.601670
40.466961 -3.810959
40.507576 -3.708590
40.525082 -3.688830
40.328720 -3.688098
40.358006 -3.679991
40.257881 -3.762653
40.423241 -3.884711
40.528854 -3.646277
40.449184 -3.648562
40.386013 -3.606338
40.449318 -3.642866
40.478607 -3.750999
40.556274 -3.710440
40.369034 -3.797736
40.465061 -3.625402
40.433746 -3.838958
40.463493 -3.781961
40.341621 -3.538976
40.364468 -3.692333
40.556274 -3.710440
40.423241 -3.884711
40.433746 -3.838958
40.328720 -3.688098
40.556274 -3.710440
40.328720 -3.688098
40.266155 -3.690616
40.472454 -3.632213
40.461597 -3.495246
40.484009 -3.673370
40.449612 -3.608040
40.449318 -3.642866
40.483719 -3.678830
40.359039 -3.763650
40.509422 -3.689245
40.532070 -3.620491
40.465782 -3.885925
40.369034 -3.797736
40.359039 -3.763650
40.532169 -3.617710
40.556274 -3.710440
40.451027 -3.739870
40.398281 -3.765945
40.423241 -3.884711
40.645638 -3.732488
40.369034 -3.797736
40.532070 -3.620491
40.467178 -3.791692
40.386013 -3.606338
40.322906 -3.730399
40.466961 -3.810959
40.465061 -3.625402
40.257881 -3.762653
40.507576 -3.708590
40.421299 -3.601670
40.398281 -3.765945
40.367031 -3.806659
40.316303 -3.897745
40.461597 -3.495246
40.466961 -3.810959
40.266155 -3.690616
40.467178 -3.791692
40.364170 -3.698307
40.364170 -3.698307
40.049282 -3.066352
40.247967 -3.690026
40.483547 -3.858949
40.444859 -3.827640
40.444859 -3.827640
40.458344 -3.617897
40.447002 -3.653746
40.473297 -3.826391
40.276390 -3.452652
40.359039 -3.763650
40.359039 -3.763650
40.361988 -3.778532
40.520126 -3.652247
40.276390 -3.452652
40.354614 -3.836847
40.354614 -3.836847
40.421299 -3.601670
40.400932 -3.626479
40.375244 -3.682789
40.466827 -3.471475
40.466961 -3.810959
40.410442 -3.621823
40.556274 -3.710440
40.467178 -3.791692
40.449318 -3.642866
40.421299 -3.601670
40.449318 -3.642866
40.532070 -3.620491
40.473400 -3.783156
40.466961 -3.810959
40.451027 -3.739870
40.464577 -3.483326
40.449318 -3.642866
40.501957 -3.695728
40.367031 -3.806659
40.341267 -3.673126
40.463493 -3.781961
40.483719 -3.678830
40.322906 -3.730399
40.484009 -3.673370
40.465782 -3.885925
40.359039 -3.763650
40.421299 -3.601670
40.465061 -3.625402
40.449261 -3.631480
40.451027 -3.739870
40.556274 -3.710440
40.369034 -3.797736
40.389210 -3.899183
40.645638 -3.732488
40.532639 -3.616940
40.369034 -3.797736
40.451027 -3.739870
40.532070 -3.620491
40.414532 -3.887845
40.466961 -3.810959
40.461597 -3.495246
40.507576 -3.708590
40.257881 -3.762653
40.386013 -3.606338
40.322906 -3.730399
40.266155 -3.690616
40.467178 -3.791692
40.266155 -3.690616
40.466618 -3.453322
40.446609 -3.602419
40.398205 -3.765840
40.367031 -3.806659
40.316303 -3.897745
40.466961 -3.810959
40.358006 -3.679991
40.449120 -3.879770
40.324753 -3.893976
40.355408 -3.553356
40.348461 -3.546503
40.324753 -3.893976
40.324753 -3.893976
40.324753 -3.893976
40.348461 -3.546503
40.297947 -3.951921
40.363041 -3.686617
40.307713 -3.740211
40.324753 -3.893976
40.595577 -3.953046
40.674473 -4.112875
40.723934 -4.191529
40.674473 -4.112875
40.674473 -4.112875
40.324753 -3.893976
40.674473 -4.112875
40.256962 -3.690298
40.421299 -3.601670
40.378147 -3.601477
40.416862 -3.614078
40.267883 -3.690676
40.324753 -3.893976
40.036198 -4.417089
40.284145 -3.691147
40.378147 -3.601477
40.538906 -3.890963
40.324753 -3.893976
40.256962 -3.690298
40.018600 -4.531347
40.538906 -3.890963
40.256962 -3.690298
40.438221 -3.593010
40.364376 -3.698363
40.479557 -3.848363
40.438221 -3.593010
40.367260 -3.583511
40.445023 -3.659119
40.349800 -3.674573
40.448013 -3.735509
40.479557 -3.848363
40.345913 -3.543177
40.361111 -3.674416
40.364376 -3.698363
40.528854 -3.646277
40.466152 -3.805181
40.466152 -3.805181
40.483547 -3.858949
40.364376 -3.698363
40.362137 -3.790241
40.444859 -3.827640
40.507576 -3.708590
40.525082 -3.688830
40.483719 -3.678830
40.379555 -3.790729
40.354614 -3.836847
40.466152 -3.805181
40.419086 -3.607878
40.458035 -3.747154
40.478207 -3.639980
40.266155 -3.690616
40.266155 -3.690616
40.520126 -3.652247
40.445023 -3.659119
40.449612 -3.608040
40.461597 -3.495246
40.274799 -3.690846
40.345913 -3.543177
40.419086 -3.607878
40.472717 -3.760211
40.507576 -3.708590
40.445023 -3.659119
40.484009 -3.673370
40.520126 -3.652247
40.419086 -3.607878
40.328697 -3.637963
40.266155 -3.690616
40.276001 -3.750749
40.328697 -3.637963
40.328697 -3.637963
40.299667 -3.934610
40.364376 -3.698363
40.351433 -3.847876
40.330990 -3.725257
40.449318 -3.642866
40.509422 -3.689245
40.423241 -3.884711
40.266155 -3.690616
40.509422 -3.689245
40.375504 -3.806318
40.266155 -3.690616
40.423241 -3.884711
40.328697 -3.637963
40.465061 -3.625402
40.421299 -3.601670
40.473297 -3.826391
40.437988 -3.723890
40.465782 -3.885925
40.483547 -3.858949
40.385639 -3.782380
40.204433 -3.679341
40.330990 -3.725257
40.433746 -3.838958
40.270393 -3.754530
40.386013 -3.606338
40.364098 -3.709710
40.358006 -3.679991
40.385639 -3.782380
40.320152 -3.692257
40.509422 -3.689245
40.509422 -3.689245
40.484009 -3.673370
40.528854 -3.646277
40.449318 -3.642866
40.449120 -3.879770
40.388416 -3.611269
40.332317 -3.887510
40.483547 -3.858949
40.388416 -3.611269
40.388416 -3.611269
40.469170 -3.816070
40.444859 -3.827640
40.256962 -3.690298
40.460033 -3.752312
40.463493 -3.781961
40.364376 -3.698363
40.382423 -3.813327
40.478607 -3.750999
40.466732 -3.459445
40.388416 -3.611269
40.247967 -3.690026
40.403275 -3.756480
40.354614 -3.836847
40.460033 -3.752312
40.461456 -3.764209
40.375504 -3.806318
40.445023 -3.659119
40.512054 -3.657276
40.484009 -3.673370
40.460033 -3.752312
40.458344 -3.617897
40.375504 -3.806318
40.444859 -3.827640
40.484657 -3.743028
40.460033 -3.752312
40.532169 -3.617710
40.484009 -3.673370
40.512054 -3.657276
40.266403 -3.757230
40.469170 -3.816070
40.348461 -3.546503
40.247967 -3.690026
40.460033 -3.752312
40.512054 -3.657276
40.445023 -3.659119
40.483547 -3.858949
40.416092 -3.616270
40.458344 -3.617897
40.425297 -3.598585
40.484657 -3.743028
40.483547 -3.858949
40.403275 -3.756480
40.469170 -3.816070
40.483547 -3.858949
40.445023 -3.659119
40.520126 -3.652247
40.520126 -3.652247
40.324753 -3.893976
40.467178 -3.791692
40.520126 -3.652247
40.416092 -3.616270
40.324753 -3.893976
40.364376 -3.698363
40.320152 -3.692257
40.221565 -3.686316
40.320152 -3.692257
40.316303 -3.897745
40.324753 -3.893976
40.187275 -3.672278
40.187275 -3.672278
40.308346 -3.903234