40.416000 -3.703000
40.420198 -3.803662
40.416633 -3.703551
40.405400 -3.699617
40.328497 -3.863848
40.400000 -3.683330
40.415436 -3.707391
40.453979 -3.700331
40.420150 -3.689630
40.400000 -3.683330
40.400000 -3.683330
39.883300 -3.716670
40.650000 -3.983330
40.400000 -3.683330
40.410722 -3.697948
40.383300 -3.616670
40.283300 -3.800000
40.421331 -3.697992
40.400000 -3.683330
40.429483 -3.707729
40.400000 -3.683330
40.433300 -3.566670
40.400000 -3.683330
40.417055 -3.703534
40.400000 -3.683330
40.417277 -3.696714
40.400000 -3.683330
40.400000 -3.683330
40.413653 -3.682043
40.400000 -3.683330
40.666700 -3.766670
40.407911 -3.647349
40.416633 -3.703551
40.400000 -3.683330
40.421301 -3.692552
40.428087 -3.560865
40.425377 -3.572286
40.424213 -3.560257
40.484625 -3.662953
40.487758 -3.650808
40.548018 -3.634142
40.416633 -3.703551
40.424213 -3.560257
40.386442 -3.728731
40.390575 -3.728303
40.387787 -3.729717
40.388740 -3.731929
40.389508 -3.730377
40.416633 -3.703551
40.380394 -3.741354
40.390251 -3.739108
40.400000 -3.683330
40.400000 -3.683330
40.439905 -3.640016
40.433413 -3.704335
40.400000 -3.683330
40.445510 -3.728415
40.566700 -4.000000
40.500000 -3.683330
40.400000 -3.683330
40.402757 -3.783979
40.401634 -3.720632
40.400000 -3.683330
40.400000 -3.683330
40.420073 -3.802187
40.382209 -3.723015
40.283300 -3.800000
40.952345 -4.132104
40.416034 -3.700480
40.400000 -3.683330
40.391720 -3.654504
40.407241 -3.691428
40.435102 -3.709716
40.426681 -3.687155
40.947897 -4.117856
40.400000 -3.683330
40.400000 -3.683330
40.400000 -3.683330
40.400000 -3.683330
40.400000 -3.683330
40.400000 -3.683330
40.450000 -3.650000
40.419214 -3.801184
40.505153 -3.528328
40.400000 -3.683330
40.400000 -3.683330
40.424053 -3.717794
40.613181 -3.785786
40.400000 -3.683330
40.300000 -4.000000
40.380559 -3.603744
40.486910 -3.693895
40.462664 -3.664698
40.406291 -3.690548
40.486518 -3.665271
40.390251 -3.739108
40.395992 -3.718851
40.397255 -3.716125
40.390575 -3.728303
40.395959 -3.720135
40.397647 -3.715884
40.445159 -3.685495
40.400000 -3.683330
40.405400 -3.699617
40.419214 -3.801184
40.472204 -3.682415
40.425346 -3.687232
40.448351 -3.785391
40.425137 -3.684136
40.400000 -3.683330
40.400000 -3.683330
40.400000 -3.683330
40.328497 -3.863848
40.405880 -3.688138
40.505153 -3.528328
40.417055 -3.703534
40.400000 -3.683330
40.424433 -3.713363
40.400000 -3.683330
40.400000 -3.683330
40.417055 -3.703534
40.400000 -3.683330
40.400000 -3.683330
40.400000 -3.683330
40.400000 -3.683330
40.400000 -3.683330
40.597210 -3.699974
40.424909 -3.700836
40.400000 -3.683330
40.400000 -3.683330
40.000000 -4.000000
40.400000 -3.683330
40.438166 -3.707975
40.453115 -3.688327
40.400000 -3.683330
40.453115 -3.688327
40.453115 -3.688327
40.453115 -3.688327
40.453115 -3.688327
40.433300 -3.566670
40.409366 -3.712239
40.433300 -3.566670
40.400000 -3.683330
40.400000 -3.683330
40.453115 -3.688327
40.417055 -3.703534
40.453115 -3.688327
40.400000 -3.683330
40.400000 -3.683330
40.400000 -3.683330
40.032044 -3.603156
40.424432 -3.702125
40.453115 -3.688327
40.427465 -3.565594
40.429529 -3.561491
40.424213 -3.560257
40.428087 -3.560865
40.429529 -3.561491
40.428985 -3.560173
40.428985 -3.560173
40.429400 -3.559902
40.429577 -3.560045
40.429403 -3.560322
40.424213 -3.560257
40.400000 -3.683330
40.432754 -3.555966
40.424213 -3.560257
40.425591 -3.572538
40.347902 -3.852163
40.446717 -4.003245
40.455020 -3.874591
40.599100 -3.712300
40.400000 -3.683330
40.390575 -3.728303
40.380394 -3.741354
40.407911 -3.647349
40.416633 -3.703551
40.417055 -3.703534
40.338581 -3.870991
40.408137 -3.693981
40.400000 -3.683330
40.421044 -3.720342
40.427255 -3.701668
40.316700 -3.850000
40.484625 -3.662953
40.487758 -3.650808
40.408137 -3.693981
40.324808 -3.857098
40.417055 -3.703534
40.415055 -3.690868
40.424858 -3.689024
40.425225 -3.690548
40.400000 -3.683330
40.425013 -3.690269
40.316700 -3.850000
40.416633 -3.703551
40.400000 -3.683330
40.500976 -3.675184
40.400000 -3.683330
40.400000 -3.683330
40.266700 -3.600000
40.413023 -3.708553
40.354878 -3.828443
40.419214 -3.801184
40.420073 -3.802187
40.466481 -3.688540
40.415436 -3.707391
40.420200 -3.703398
40.432020 -3.680291
40.417055 -3.703534
40.166700 -3.616670
40.557540 -3.623341
40.451160 -3.649564
40.400000 -3.683330
40.397712 -3.789253
40.504304 -3.673037
40.417055 -3.703534
40.400000 -3.683330
40.316700 -3.850000
40.400000 -3.683330
40.437426 -3.794204
40.400000 -3.683330
40.438166 -3.707975
40.400000 -3.683330
40.400000 -3.683330
40.408137 -3.693981
40.406291 -3.690548
40.522484 -3.290612
40.400000 -3.683330
40.400000 -3.683330
39.868452 -4.026107
40.385318 -3.760762
40.482795 -3.363215
40.390251 -3.739108
40.602708 -3.716685
40.400000 -3.683330
40.390251 -3.739108
40.390575 -3.728303
40.395959 -3.720135
40.416633 -3.703551
40.401634 -3.720632
40.397647 -3.715884
40.420073 -3.802187
40.420198 -3.803662
40.419214 -3.801184
40.400000 -3.683330
40.448309 -3.867800
40.283750 -3.818469
40.405400 -3.699617
40.406291 -3.690548
40.425371 -3.684889
40.400000 -3.683330
40.328497 -3.863848
40.483300 -3.583330
40.400000 -3.683330
40.405880 -3.688138
40.406291 -3.690548
40.283300 -3.800000
40.400000 -3.683330
40.423070 -3.698320
40.400000 -3.683330
40.316700 -3.850000
40.438166 -3.707975
40.400000 -3.683330
40.400000 -3.683330
40.785052 -3.691502
40.400000 -3.683330
40.446717 -4.003245
40.400000 -3.683330
40.400000 -3.683330
40.316700 -3.850000
40.400000 -3.683330
40.032044 -3.603156
40.400000 -3.683330
40.411973 -3.714915
40.333300 -3.516670
40.400000 -3.683330
40.400000 -3.683330
40.400000 -3.683330
40.423910 -3.671783
40.411405 -3.711302
40.633300 -3.500000
40.419998 -3.701384
40.416667 -3.703889
40.400000 -3.683330
40.338581 -3.870991
40.283300 -3.800000
40.400000 -3.683330
40.400000 -3.683330
40.400000 -3.683330
40.407911 -3.647349
40.416633 -3.703551
40.427618 -3.681620
40.417055 -3.703534
40.400000 -3.683330
40.448484 -3.676340
40.417055 -3.703534
40.432754 -3.555966
40.428087 -3.560865
40.426367 -3.571356
40.425591 -3.572538
40.424213 -3.560257
40.400000 -3.683330
40.426949 -3.693914
40.425225 -3.690548
40.425013 -3.690269
40.419970 -3.688724
40.484625 -3.662953
40.487758 -3.650808
40.294160 -3.841583
40.426030 -3.698210
40.400000 -3.683330
40.400000 -3.683330
40.440294 -3.639932
40.440905 -3.834486
40.350469 -3.810368
40.400000 -3.683330
40.400000 -3.683330
40.425137 -3.684136
40.419780 -3.705684
40.417055 -3.703534
40.417055 -3.703534
40.910114 -4.094819
40.400000 -3.683330
40.400000 -3.683330
40.599100 -3.712300
40.666700 -3.766670
40.599100 -3.712300
40.424053 -3.717794
40.461348 -3.692107
40.472204 -3.682415
40.420073 -3.802187
40.454280 -3.702830
40.355266 -3.901983
40.400000 -3.683330
40.414847 -3.694842
40.541185 -3.615159
40.414262 -3.708096
40.400000 -3.683330
40.400000 -3.683330
40.400000 -3.683330
40.446717 -4.003245
40.000000 -4.000000
40.418809 -3.703023
40.545774 -3.612002
40.462664 -3.664698
40.446229 -3.691492
40.426155 -3.703765
40.490169 -3.877214
40.423910 -3.671783
40.415971 -3.696744
40.408973 -3.648698
40.483300 -3.866670
40.385318 -3.760762
40.326055 -3.853753
40.390251 -3.739108
40.395959 -3.720135
40.390575 -3.728303
40.616542 -3.584653
40.616542 -3.584653
40.418217 -3.694850
40.419970 -3.688724
40.416633 -3.703551
40.400000 -3.683330
40.416878 -3.703541
40.418552 -3.699866
40.408095 -3.834781
40.420073 -3.802187
40.400000 -3.683330
40.420073 -3.802187
40.400000 -3.683330
40.462257 -3.811129
40.420198 -3.803662
40.416633 -3.703551
40.445510 -3.728415
40.419214 -3.801184
40.400000 -3.683330
40.433300 -3.816670
40.459003 -3.690946
40.449129 -3.693890
40.405400 -3.699617
40.400000 -3.683330
40.400000 -3.683330
40.328497 -3.863848
40.486518 -3.665271
40.420198 -3.803662
40.400000 -3.683330
40.446717 -4.003245
40.416624 -3.703840
40.400000 -3.683330
40.400000 -3.683330
40.400000 -3.683330
40.400000 -3.683330
40.400000 -3.683330
40.400000 -3.683330
40.000000 -4.000000
40.413300 -3.696752
40.283300 -3.800000
40.400000 -3.683330
40.000000 -4.000000
40.400000 -3.683330
40.400000 -3.683330
40.400000 -3.683330
40.400000 -3.683330
40.400000 -3.683330
40.400000 -3.683330
40.400000 -3.683330
40.417055 -3.703534
40.400000 -3.683330
40.400000 -3.683330
40.400000 -3.683330
40.446717 -4.003245
40.415409 -3.708823
40.446717 -4.003245
40.415363 -3.709042
40.395959 -3.720135
40.400000 -3.683330
40.400000 -3.683330
40.324692 -3.861208
40.449709 -3.668516
40.400000 -3.683330
40.400000 -3.683330
40.548018 -3.634142
40.417055 -3.703534
40.535638 -3.641293
40.418160 -3.709366
40.422657 -3.710479
40.432754 -3.555966
40.428087 -3.560865
40.429749 -3.561252
40.429403 -3.560322
40.435686 -3.558054
40.424213 -3.560257
40.407911 -3.647349
40.416633 -3.703551
40.427107 -3.672846
40.400000 -3.683330
40.391747 -3.658640
40.412124 -3.660443
40.418160 -3.709366
40.625459 -3.163767
40.487758 -3.650808
40.484625 -3.662953
40.622395 -3.165443
40.398188 -3.668976
40.406291 -3.690548
40.400000 -3.683330
40.400000 -3.683330
40.415436 -3.707391
40.599100 -3.712300
40.440124 -3.640051
40.400000 -3.683330
40.405744 -3.689174
40.415465 -3.714567
40.400000 -3.683330
40.400000 -3.683330
40.457218 -3.481489
40.400000 -3.683330
40.406291 -3.690548
40.420073 -3.802187
40.283300 -3.800000
40.400000 -3.683330
40.400000 -3.683330
40.400000 -3.683330
40.400000 -3.683330
40.625530 -3.163115
40.400000 -3.683330
40.400000 -3.683330
40.416408 -3.695733
40.415790 -3.701440
40.410941 -3.710232
40.433300 -3.566670
40.400000 -3.683330
40.416633 -3.703551
40.400000 -3.683330
40.390251 -3.739108
40.469366 -3.695119
40.430282 -3.700618
40.326744 -3.860299
40.418691 -3.800712
40.431483 -3.718791
40.400000 -3.683330
40.348726 -3.849345
40.442462 -3.686043
40.440905 -3.834486
40.414821 -3.693376
40.415331 -3.706902
40.416633 -3.703551
40.438166 -3.707975
40.400000 -3.683330
40.400000 -3.683330
40.400000 -3.683330
40.437928 -3.687667
40.406291 -3.690548
40.475729 -3.685612
40.415685 -3.695896
40.448556 -3.667496
40.400000 -3.683330
40.431167 -3.655751
40.400000 -3.683330
40.400000 -3.683330
40.406291 -3.690548
40.400000 -3.683330
40.400000 -3.683330
40.420198 -3.803662
40.521257 -3.889185
40.300000 -4.000000
40.419214 -3.801184
40.462664 -3.664698
40.448309 -3.867800
40.316700 -3.850000
40.316700 -3.850000
40.425371 -3.684889
40.478103 -3.719411
40.486518 -3.665271
40.400000 -3.683330
40.328497 -3.863848
40.032044 -3.603156
40.420000 -3.688889
40.400000 -3.683330
40.032044 -3.603156
40.400000 -3.683330
40.400000 -3.683330
40.416700 -3.650000
40.599100 -3.712300
40.400000 -3.683330
40.300000 -4.000000
40.400000 -3.683330
40.400000 -3.616670
40.446717 -4.003245
40.400000 -3.683330
40.400000 -3.683330
40.419684 -3.697066
40.400000 -3.683330
40.816700 -3.666670
40.419359 -3.692833
40.400000 -3.683330
40.400000 -3.683330
40.446717 -4.003245
40.583300 -3.416670
40.472204 -3.682415
40.416633 -3.703551
40.400000 -3.683330
40.472204 -3.682415
40.416633 -3.703551
40.428706 -3.703820
40.415566 -3.700356
40.316700 -3.850000
40.316700 -3.850000
40.418642 -3.732755
40.417055 -3.703534
40.393953 -3.796506
40.422008 -3.693717
40.417055 -3.703534
40.401634 -3.720632
40.400000 -3.683330
40.401634 -3.720632
40.391747 -3.658640
40.406291 -3.690548
40.400000 -3.683330
40.401634 -3.720632
40.725177 -3.888173
40.400000 -3.683330
40.468605 -3.840167
40.730131 -3.866803
40.400000 -3.683330
40.423282 -3.712456
40.383300 -3.616670
40.400000 -3.683330
40.412806 -3.736187
40.400000 -3.683330
40.452817 -3.688962
40.415659 -3.696760
40.420272 -3.695906
40.400000 -3.683330
40.400000 -3.683330
40.400000 -3.683330
40.420349 -3.679300
40.400000 -3.683330
40.417055 -3.703534
40.564200 -3.500210
40.428706 -3.560940
40.428985 -3.560173
40.429529 -3.561491
40.429356 -3.562049
40.400000 -3.683330
40.666700 -3.766670
40.420000 -3.688889
40.432754 -3.555966
40.427962 -3.565303
40.428087 -3.560865
40.429400 -3.559902
40.429524 -3.560114
40.426367 -3.571356
40.424213 -3.560257
40.400000 -3.683330
40.452945 -3.692855
40.447045 -3.587208
40.400000 -3.683330
40.466025 -3.759127
40.383300 -3.616670
40.416930 -3.702370
40.400000 -3.683330
40.417321 -3.704523
40.452817 -3.688962
40.411959 -3.705915
41.000000 -3.250000
40.400000 -3.683330
40.400000 -3.683330
40.400000 -3.683330
40.032044 -3.603156
40.421760 -3.692101
40.400000 -3.683330
40.333300 -3.516670
40.420000 -3.688889
39.866700 -4.016670
40.650000 -3.983330
40.544035 -3.898277
40.589107 -4.148068
40.432754 -3.555966
40.424213 -3.560257
40.400000 -3.683330
40.400000 -3.683330
40.348891 -3.808575
40.400000 -3.683330
40.400000 -3.683330
40.400000 -3.683330
40.283300 -3.800000
40.422712 -3.701649
40.316700 -3.850000
40.400000 -3.683330
40.633300 -3.166670
40.400000 -3.683330
40.383300 -3.783330
40.400000 -3.683330
40.400000 -3.683330
40.400000 -3.683330
40.431354 -3.699534
40.421338 -3.702822
40.421958 -3.708798
40.400000 -3.683330
40.400000 -3.683330
40.400000 -3.683330
40.316700 -3.850000
40.400000 -3.683330
40.400000 -3.683330
40.400000 -3.683330
40.426046 -3.703770
40.700000 -4.016670
40.414710 -3.700504
40.426012 -3.713419
40.400000 -3.683330
40.424398 -3.679193
40.400000 -3.683330
40.400000 -3.683330
40.454779 -3.874051
40.455487 -3.870186
40.455020 -3.874591
40.423910 -3.671783
40.338584 -3.732910
40.432754 -3.555966
40.424213 -3.560257
40.413043 -3.722171
40.400000 -3.683330
40.400000 -3.683330
40.400000 -3.683330
40.400000 -3.683330
40.154457 -3.630980
40.431841 -3.698122
40.400000 -3.683330
40.431669 -3.698161
40.434757 -3.658192
40.477770 -3.478465
40.390251 -3.739108
40.400000 -3.683330
40.400000 -3.683330
40.400000 -3.683330
40.683300 -4.083330
40.400000 -3.683330
40.420000 -3.688889
40.469511 -3.641195
40.400000 -3.683330
40.400000 -3.683330
40.400000 -3.683330
40.400000 -3.683330
40.416878 -3.703541
40.400000 -3.683330
40.400000 -3.683330
40.283300 -3.800000
40.400000 -3.683330
40.283300 -3.800000
40.466700 -3.866670
40.083300 -3.866670
40.400000 -3.683330
40.406291 -3.690548
40.678065 -3.615146
40.417055 -3.703534
40.400000 -3.683330
40.425523 -3.702509
40.434189 -3.710241
40.400000 -3.683330
40.427602 -3.731050
40.400000 -3.683330
40.283300 -3.800000
40.400000 -3.683330
40.417055 -3.703534
40.459092 -3.592736
40.400000 -3.683330
40.432364 -3.688936
40.330372 -3.842115
40.400000 -3.683330
40.453115 -3.688327
40.325641 -3.714988
40.422134 -3.704275
40.950485 -4.122765
40.400000 -3.683330
40.400000 -3.683330
40.400000 -3.683330
40.414696 -3.737809
41.130406 -3.811339
40.405649 -3.875779
40.412662 -3.696015
40.418108 -3.699464
40.400000 -3.683330
40.415363 -3.709042
40.466700 -3.516670
41.131262 -3.811785
40.400000 -3.683330
40.300000 -4.000000
40.400000 -3.683330
40.426234 -3.712502
40.421414 -3.705564
40.400000 -3.683330
40.283300 -3.800000
40.429774 -3.718638
40.345749 -3.852215
40.422489 -3.693570
40.440647 -3.699097
40.457254 -3.678163
40.408137 -3.693981
40.400000 -3.683330
40.400000 -3.683330
40.417055 -3.703534
40.400000 -3.683330
40.417055 -3.703534
40.441166 -3.784189
40.441068 -3.783717
40.441244 -3.784118
40.441143 -3.784143
40.441256 -3.784118
40.441244 -3.784118
40.441337 -3.783810
40.566700 -3.066670
40.441203 -3.784141
40.462664 -3.664698
40.400000 -3.683330
40.400000 -3.683330
40.400000 -3.683330
40.400000 -3.683330
40.446717 -4.003245
40.400000 -3.683330
40.411900 -3.694710
40.455699 -3.782902
40.447939 -3.779924
40.438058 -3.637770
40.441244 -3.784118
40.447939 -3.779924
40.447502 -3.780083
40.448044 -3.779076
40.412501 -3.703611
40.444041 -3.700722
40.032044 -3.603156
40.300000 -4.000000
40.430870 -3.707720
40.433300 -3.566670
40.400000 -3.683330
40.414110 -3.700098
40.283300 -3.800000
40.400000 -3.683330
40.420800 -3.698262
40.409729 -3.701471
40.599100 -3.712300
40.338366 -3.865938
40.400000 -3.683330
40.481013 -3.367862
40.422778 -3.711944
40.417055 -3.703534
40.418656 -3.734038
40.400000 -3.683330
40.417055 -3.703534
40.400000 -3.683330
40.460625 -3.436286
40.414514 -3.691138
40.472242 -3.581761
40.400000 -3.683330
40.416667 -3.703889
40.416667 -3.703889
40.426877 -3.702918
40.400000 -3.683330
40.400000 -3.683330
40.400000 -3.683330
40.400000 -3.683330
40.316700 -3.850000
40.400000 -3.683330
40.417055 -3.703534
40.650000 -3.983330
40.400000 -3.683330
40.400000 -3.683330
40.404067 -3.694408
40.400000 -3.683330
40.610067 -3.714500
40.400000 -3.683330
40.032044 -3.603156
40.400000 -3.683330
40.437920 -3.699316
40.443726 -3.700633
40.400000 -3.683330
40.421044 -3.720342
40.910114 -4.094819
40.400000 -3.683330
40.400000 -3.683330
40.416633 -3.703551
40.458661 -3.582374
40.316700 -3.850000
40.390251 -3.739108
40.032044 -3.603156
40.400000 -3.683330
40.426949 -3.693914
40.400000 -3.683330
40.433300 -3.566670
40.400000 -3.683330
40.440124 -3.640051
40.462664 -3.664698
40.398363 -3.710845
40.249889 -4.054688
40.400000 -3.683330
40.400000 -3.683330
40.485004 -3.662609
40.420539 -3.703373
40.400000 -3.683330
40.698531 -3.930061
40.396826 -3.712809
40.400000 -3.683330
40.400000 -3.683330
40.461017 -3.697556
40.400000 -3.683330
40.564200 -3.500210
40.416667 -3.703889
40.434917 -3.687192
40.400000 -3.683330
40.400000 -3.683330
40.417309 -3.695016
40.424053 -3.717794
40.468988 -3.656409
40.400000 -3.683330
40.417055 -3.703534
40.400000 -3.683330
40.400000 -3.683330
40.421550 -3.705609
40.400000 -3.683330
40.522142 -3.644416
40.390251 -3.739108
40.450934 -3.693102
40.416667 -3.703889
40.422134 -3.690630
40.416633 -3.703551
40.395959 -3.720135
40.401634 -3.720632
40.425013 -3.690269
40.397255 -3.716125
40.397647 -3.715884
40.420073 -3.802187
40.420198 -3.803662
40.419214 -3.801184
40.616542 -3.584653
40.448309 -3.867800
40.452945 -3.692855
40.425371 -3.684889
40.400000 -3.683330
40.424752 -3.696942
40.413747 -3.699360
40.400000 -3.683330
40.400000 -3.683330
40.416633 -3.703551
40.400000 -3.683330
40.400000 -3.683330
40.400000 -3.683330
40.417055 -3.703534
40.430553 -3.716424
40.400000 -3.683330
40.400000 -3.683330
40.415436 -3.707391
40.416667 -3.703889
40.400000 -3.683330
40.417055 -3.703534
40.400000 -3.683330
40.283300 -3.800000
40.400000 -3.683330
40.400000 -3.683330
40.446415 -3.710524
40.400000 -3.683330
40.283300 -3.800000
40.400000 -3.683330
40.408166 -3.700561
40.400000 -3.683330
40.400000 -3.683330
40.400000 -3.683330
40.400000 -3.683330
40.413747 -3.699360
40.420498 -3.705752
40.400000 -3.683330
40.283300 -3.800000
40.400000 -3.683330
40.417055 -3.703534
40.400000 -3.683330
40.408137 -3.693981
40.407911 -3.647349
40.416633 -3.703551
40.425392 -3.696501
40.400000 -3.683330
40.425392 -3.696501
40.417055 -3.703534
40.400000 -3.683330
40.421414 -3.705564
40.427703 -3.669947
40.400000 -3.683330
40.427422 -3.685623
40.426392 -3.688005
40.511879 -3.679738
40.421044 -3.720342
40.400000 -3.683330
40.424858 -3.689024
40.446717 -4.003245
40.400000 -3.683330
40.400000 -3.683330
40.413619 -3.692844
40.427674 -3.687177
40.484625 -3.662953
40.487758 -3.650808
40.400000 -3.683330
40.400000 -3.683330
40.432754 -3.555966
40.428985 -3.560173
40.429336 -3.560228
40.429529 -3.561491
40.428087 -3.560865
40.426317 -3.564053
40.449213 -3.609273
40.449184 -3.608172
40.400000 -3.683330
40.397647 -3.715884
40.350000 -3.700000
40.425831 -3.547679
40.395959 -3.720135
40.388930 -3.732801
40.416633 -3.703551
40.390575 -3.728303
40.388740 -3.731929
40.387787 -3.729717
40.390251 -3.739108
40.389508 -3.730377
40.390575 -3.728303
40.390251 -3.739108
40.418680 -3.704855
40.380394 -3.741354
40.400000 -3.683330
40.400000 -3.683330
40.400000 -3.683330
40.453115 -3.688327
40.417055 -3.703534
41.066700 -4.150000
40.413556 -3.682056
40.523076 -3.890702
40.420539 -3.703373
40.400000 -3.683330
40.323270 -3.722826
40.406291 -3.690548
40.400000 -3.683330
40.400000 -3.683330
40.400000 -3.683330
40.400000 -3.683330
40.400000 -3.683330
40.400000 -3.683330
40.326055 -3.853753
40.468988 -3.656409
40.462244 -3.616539
40.400000 -3.683330
40.441203 -3.785997