40.416000 -3.703000
40.416000 -3.703000
40.416000 -3.703000
40.416000 -3.703000
40.416000 -3.703000
40.416000 -3.703000
40.416000 -3.703000
40.416000 -3.703000
40.416000 -3.703000
40.416000 -3.703000
40.416000 -3.703000
40.345820 -3.824870
40.416000 -3.703000
40.416000 -3.703000
40.416000 -3.703000
40.416000 -3.703000
40.416000 -3.703000
40.416000 -3.703000
40.416000 -3.703000
40.416000 -3.703000
40.416000 -3.703000
40.236040 -3.767520
40.416000 -3.703000
40.416000 -3.703000
40.416000 -3.703000
40.416000 -3.703000
40.416000 -3.703000
40.416000 -3.703000
40.416000 -3.703000
40.416000 -3.703000
40.416000 -3.703000
40.416000 -3.703000
40.416000 -3.703000
40.416000 -3.703000
40.416000 -3.703000
40.416000 -3.703000
40.416000 -3.703000
40.416000 -3.703000
40.305710 -3.732950
40.416000 -3.703000
40.322340 -3.864960
40.416000 -3.703000
40.416000 -3.703000
40.416000 -3.703000
40.482050 -3.359960
40.416000 -3.703000
40.416000 -3.703000
40.416000 -3.703000
40.416000 -3.703000
40.416000 -3.703000
40.416000 -3.703000
40.416000 -3.703000
40.416000 -3.703000
40.416000 -3.703000
40.466700 -3.866670
40.416000 -3.703000
40.416000 -3.703000
40.416000 -3.703000
40.416000 -3.703000
40.416000 -3.703000
40.416000 -3.703000
40.948080 -4.118390
40.236040 -3.767520
40.416000 -3.703000
40.416000 -3.703000
40.416000 -3.703000
40.416000 -3.703000
40.416000 -3.703000
40.416000 -3.703000
40.416000 -3.703000
40.289080 -4.011970
40.416000 -3.703000
40.416000 -3.703000
40.284190 -3.794150
40.416000 -3.703000
40.416000 -3.703000
40.416000 -3.703000
40.416000 -3.703000
40.416000 -3.703000
40.416000 -3.703000
40.416000 -3.703000
40.241470 -3.699990
40.416000 -3.703000
40.416000 -3.703000
40.416000 -3.703000
40.416000 -3.703000
40.416000 -3.703000
40.416000 -3.703000
40.416000 -3.703000
40.416000 -3.703000
40.416000 -3.703000
40.416000 -3.703000
40.416000 -3.703000
40.416000 -3.703000
40.305710 -3.732950
40.416000 -3.703000
40.416000 -3.703000
40.416000 -3.703000
40.416000 -3.703000
40.416000 -3.703000
40.416000 -3.703000
40.416000 -3.703000
40.416000 -3.703000
40.416000 -3.703000
40.416000 -3.703000
40.416000 -3.703000
40.416000 -3.703000
40.416000 -3.703000
40.416000 -3.703000
40.416000 -3.703000
40.416000 -3.703000
40.416000 -3.703000
40.416000 -3.703000
40.416000 -3.703000
40.390940 -3.724200
40.416000 -3.703000
40.416000 -3.703000
40.416000 -3.703000
40.416000 -3.703000
40.416000 -3.703000
40.416000 -3.703000
40.482050 -3.359960
40.416000 -3.703000
40.416000 -3.703000
40.416000 -3.703000
40.948080 -4.118390
40.416000 -3.703000
40.416000 -3.703000
40.416000 -3.703000
40.416000 -3.703000
40.416000 -3.703000
40.416000 -3.703000
40.416000 -3.703000
40.416000 -3.703000
40.576540 -3.926580
40.416000 -3.703000
40.416000 -3.703000
40.416000 -3.703000
40.416000 -3.703000
40.416000 -3.703000
40.416000 -3.703000
40.416000 -3.703000
40.416000 -3.703000
40.416000 -3.703000
40.416000 -3.703000
40.416000 -3.703000
40.416000 -3.703000
40.416000 -3.703000
40.416000 -3.703000
40.416000 -3.703000
40.416000 -3.703000
40.416000 -3.703000
40.416000 -3.703000
40.416000 -3.703000
40.416000 -3.703000
40.416000 -3.703000
40.416000 -3.703000
40.416000 -3.703000
40.416000 -3.703000
40.416000 -3.703000
40.416000 -3.703000
40.416000 -3.703000
40.416000 -3.703000
40.416000 -3.703000
40.416000 -3.703000
40.416000 -3.703000
40.416000 -3.703000
40.416000 -3.703000
40.416000 -3.703000
40.416000 -3.703000
40.416000 -3.703000
40.416000 -3.703000
40.416000 -3.703000
40.416000 -3.703000
40.416000 -3.703000
40.416000 -3.703000
40.416000 -3.703000
40.416000 -3.703000
40.416000 -3.703000
40.416000 -3.703000
40.416000 -3.703000
40.416000 -3.703000
40.416000 -3.703000
40.416000 -3.703000
40.416000 -3.703000
40.284190 -3.794150
40.416000 -3.703000
40.416000 -3.703000
40.416000 -3.703000
40.416000 -3.703000
40.416000 -3.703000
40.416000 -3.703000
40.416000 -3.703000
40.416000 -3.703000
40.416000 -3.703000
40.327180 -3.763500
40.416000 -3.703000
40.416000 -3.703000
40.416000 -3.703000
40.416000 -3.703000
40.416000 -3.703000
40.416000 -3.703000
40.416000 -3.703000
40.416000 -3.703000
40.416000 -3.703000
40.416000 -3.703000
40.416000 -3.703000
40.416000 -3.703000
40.416000 -3.703000
40.416000 -3.703000
40.416000 -3.703000
40.416000 -3.703000
40.416000 -3.703000
40.416000 -3.703000
40.416000 -3.703000
40.416000 -3.703000
40.473530 -3.871820
40.416000 -3.703000
40.416000 -3.703000
40.416000 -3.703000
40.416000 -3.703000
40.416000 -3.703000
40.416000 -3.703000
40.416000 -3.703000
40.416000 -3.703000
40.416000 -3.703000
40.416000 -3.703000
40.416000 -3.703000
40.416000 -3.703000
40.416000 -3.703000
40.416000 -3.703000
40.416000 -3.703000
40.416000 -3.703000
40.416000 -3.703000
40.416000 -3.703000
40.305710 -3.732950
40.416000 -3.703000
40.416000 -3.703000
40.416000 -3.703000
40.416000 -3.703000
40.416000 -3.703000
40.416000 -3.703000
40.416000 -3.703000
40.416000 -3.703000
40.416000 -3.703000
40.416000 -3.703000
40.416000 -3.703000
40.416000 -3.703000
40.416000 -3.703000
40.416000 -3.703000
40.416000 -3.703000
40.416000 -3.703000
40.416000 -3.703000
40.416000 -3.703000
40.416000 -3.703000
40.416000 -3.703000
40.416000 -3.703000
40.416000 -3.703000
40.416000 -3.703000
40.416000 -3.703000
40.416000 -3.703000
40.416000 -3.703000
40.416000 -3.703000
40.416000 -3.703000
40.416000 -3.703000
40.416000 -3.703000
40.416000 -3.703000
40.416000 -3.703000
40.416000 -3.703000
40.416000 -3.703000
40.416000 -3.703000
40.416000 -3.703000
40.416000 -3.703000
40.416000 -3.703000
40.416000 -3.703000
40.416000 -3.703000
40.416000 -3.703000
40.416000 -3.703000
40.416000 -3.703000
40.416000 -3.703000
40.416000 -3.703000
40.416000 -3.703000
40.416000 -3.703000
40.416000 -3.703000
40.416000 -3.703000
40.322340 -3.864960
40.416000 -3.703000
40.416000 -3.703000
40.416000 -3.703000
40.416000 -3.703000
40.416000 -3.703000
40.416000 -3.703000
40.416000 -3.703000
40.416000 -3.703000
40.416000 -3.703000
40.416000 -3.703000
40.416000 -3.703000
40.416000 -3.703000
40.416000 -3.703000
40.416000 -3.703000
40.416000 -3.703000
40.416000 -3.703000
40.416000 -3.703000
40.416000 -3.703000
40.416000 -3.703000
40.416000 -3.703000
40.416000 -3.703000
40.416000 -3.703000
40.416000 -3.703000
40.416000 -3.703000
40.236040 -3.767520
40.416000 -3.703000
40.345820 -3.824870
40.416000 -3.703000
40.416000 -3.703000
40.416000 -3.703000
40.416000 -3.703000
40.416000 -3.703000
40.416000 -3.703000
40.416000 -3.703000
40.416000 -3.703000
40.416000 -3.703000
40.416000 -3.703000
40.416000 -3.703000
40.416000 -3.703000
40.416000 -3.703000
40.416000 -3.703000
40.416000 -3.703000
40.416000 -3.703000
40.305710 -3.732950
40.416000 -3.703000
40.416000 -3.703000
40.416000 -3.703000
40.416000 -3.703000
40.416000 -3.703000
40.327180 -3.763500
40.416000 -3.703000
40.416000 -3.703000
40.416000 -3.703000
40.416000 -3.703000
40.416000 -3.703000
40.416000 -3.703000
40.416000 -3.703000
40.416000 -3.703000
40.416000 -3.703000
40.416000 -3.703000
40.416000 -3.703000
40.416000 -3.703000
40.416000 -3.703000
40.525545 -3.389265
40.416000 -3.703000
40.416000 -3.703000
40.031080 -3.602460
40.416000 -3.703000
40.416000 -3.703000
40.416000 -3.703000
40.416000 -3.703000
40.416000 -3.703000
40.416000 -3.703000
40.416000 -3.703000
40.416000 -3.703000
40.416000 -3.703000
40.416000 -3.703000
40.236040 -3.767520
40.416000 -3.703000
40.547460 -3.641970
40.416000 -3.703000
40.388970 -3.745690
40.416000 -3.703000
40.416000 -3.703000
40.416000 -3.703000
40.416000 -3.703000
40.416000 -3.703000
40.416000 -3.703000
40.416000 -3.703000
40.416000 -3.703000
40.236040 -3.767520
40.416000 -3.703000
40.473530 -3.871820
40.416000 -3.703000
40.416000 -3.703000
40.416000 -3.703000
40.416000 -3.703000
40.416000 -3.703000
40.416000 -3.703000
40.416000 -3.703000
40.416000 -3.703000
40.416000 -3.703000
40.416000 -3.703000
40.416000 -3.703000
40.416000 -3.703000
40.416000 -3.703000
40.416000 -3.703000
40.416000 -3.703000
40.416000 -3.703000
40.416000 -3.703000
40.416000 -3.703000
40.416000 -3.703000
40.416000 -3.703000
40.345820 -3.824870
40.327180 -3.763500
40.416000 -3.703000
40.416000 -3.703000
40.416000 -3.703000
40.416000 -3.703000
40.416000 -3.703000
40.422576 -3.697653
40.416000 -3.703000
40.031080 -3.602460
40.416000 -3.703000
40.416000 -3.703000
40.284190 -3.794150
40.416000 -3.703000
40.416000 -3.703000
40.416000 -3.703000
40.416000 -3.703000
40.416000 -3.703000
40.416000 -3.703000
40.416000 -3.703000
40.416000 -3.703000
40.416000 -3.703000
40.416000 -3.703000
40.416000 -3.703000
40.322340 -3.864960
40.416000 -3.703000
40.416000 -3.703000
40.416000 -3.703000
40.416000 -3.703000
40.416000 -3.703000
40.416000 -3.703000
40.416000 -3.703000
40.416000 -3.703000
40.416000 -3.703000
40.416000 -3.703000
40.388970 -3.745690
40.416000 -3.703000
40.416000 -3.703000
40.416000 -3.703000
40.416000 -3.703000
40.416000 -3.703000
40.416000 -3.703000
40.416000 -3.703000
40.416000 -3.703000
40.416000 -3.703000
40.416000 -3.703000
40.416000 -3.703000
40.416000 -3.703000
40.416000 -3.703000
40.416000 -3.703000
40.416000 -3.703000
40.416000 -3.703000
40.416000 -3.703000
40.416000 -3.703000
40.416000 -3.703000
40.576540 -3.926580
40.416000 -3.703000
40.305710 -3.732950
40.416000 -3.703000
40.416000 -3.703000
40.416000 -3.703000
40.416000 -3.703000
40.416000 -3.703000
40.416000 -3.703000
40.416000 -3.703000
40.345820 -3.824870
40.416000 -3.703000
40.416000 -3.703000
40.416000 -3.703000
40.416000 -3.703000
40.416000 -3.703000
40.416000 -3.703000
40.416000 -3.703000
40.416000 -3.703000
40.416000 -3.703000
40.416000 -3.703000
40.416000 -3.703000
40.576540 -3.926580
40.416000 -3.703000
40.416000 -3.703000
40.416000 -3.703000
40.416000 -3.703000
40.416000 -3.703000
40.416000 -3.703000
40.416000 -3.703000
40.416000 -3.703000
40.416000 -3.703000
40.416000 -3.703000
40.416000 -3.703000
40.422530 -3.697692
40.416000 -3.703000
40.345820 -3.824870
40.416000 -3.703000
40.416000 -3.703000
40.416000 -3.703000
40.416000 -3.703000
40.416000 -3.703000
40.416000 -3.703000
40.416000 -3.703000
40.031080 -3.602460
40.416000 -3.703000
40.416000 -3.703000
40.416000 -3.703000
40.416000 -3.703000
40.416000 -3.703000
40.416000 -3.703000
40.416000 -3.703000
40.416000 -3.703000
40.416000 -3.703000
40.416000 -3.703000
40.416000 -3.703000
40.416000 -3.703000
40.416000 -3.703000
40.416000 -3.703000
40.576540 -3.926580
40.416000 -3.703000
40.416000 -3.703000
40.322340 -3.864960
40.416000 -3.703000
40.416000 -3.703000
40.416000 -3.703000
40.416000 -3.703000
40.416000 -3.703000
40.576540 -3.926580
40.416000 -3.703000
40.416000 -3.703000
40.327180 -3.763500
40.416000 -3.703000
40.416000 -3.703000
40.416000 -3.703000
40.416000 -3.703000
40.416000 -3.703000
40.122130 -3.847040
40.416000 -3.703000
40.416752 -3.703832
40.416000 -3.703000
40.416000 -3.703000
40.416000 -3.703000
40.416000 -3.703000
40.416000 -3.703000
40.416000 -3.703000
40.416000 -3.703000
40.416000 -3.703000
40.416000 -3.703000
40.416000 -3.703000
40.327180 -3.763500
40.416000 -3.703000
40.416000 -3.703000
40.416000 -3.703000
40.416000 -3.703000
40.241470 -3.699990
40.416000 -3.703000
40.416000 -3.703000
40.416000 -3.703000
40.416000 -3.703000
40.416000 -3.703000
40.416000 -3.703000
40.416000 -3.703000
40.416000 -3.703000
40.416000 -3.703000
40.416000 -3.703000
40.416000 -3.703000
40.416000 -3.703000
40.416000 -3.703000
40.416000 -3.703000
40.416000 -3.703000
40.416000 -3.703000
40.416000 -3.703000
40.416000 -3.703000
40.190810 -3.678870
40.416000 -3.703000
40.416000 -3.703000
40.416000 -3.703000
40.416000 -3.703000
40.416000 -3.703000
40.416000 -3.703000
40.416000 -3.703000
40.416000 -3.703000
40.416000 -3.703000
40.416000 -3.703000
40.416000 -3.703000
40.416000 -3.703000
40.416000 -3.703000
40.416000 -3.703000
40.416000 -3.703000
40.416000 -3.703000
40.416000 -3.703000
40.416000 -3.703000
40.416000 -3.703000
40.416000 -3.703000
40.416000 -3.703000
40.416000 -3.703000
40.416000 -3.703000
40.416000 -3.703000
40.416000 -3.703000
40.416000 -3.703000
40.416000 -3.703000
40.416000 -3.703000
40.416000 -3.703000
40.416000 -3.703000
40.416000 -3.703000
40.416000 -3.703000
40.416000 -3.703000
40.416000 -3.703000
40.416000 -3.703000
40.416000 -3.703000
40.416000 -3.703000
40.416000 -3.703000
40.416000 -3.703000
40.423780 -3.561290
40.416000 -3.703000
40.416000 -3.703000
40.416000 -3.703000
40.416000 -3.703000
40.416000 -3.703000
40.416000 -3.703000
40.416000 -3.703000
40.416000 -3.703000
40.416000 -3.703000
40.416000 -3.703000
40.416000 -3.703000
40.416000 -3.703000
40.416000 -3.703000
40.416000 -3.703000
40.416000 -3.703000
40.416000 -3.703000
40.416000 -3.703000
40.416000 -3.703000
40.416000 -3.703000
40.416000 -3.703000
40.547460 -3.641970
40.416000 -3.703000
40.416000 -3.703000
40.416000 -3.703000
40.416000 -3.703000
40.416000 -3.703000
40.416000 -3.703000
40.416000 -3.703000
40.416000 -3.703000
40.416000 -3.703000
40.416000 -3.703000
40.416000 -3.703000
40.416000 -3.703000
40.416000 -3.703000
40.416000 -3.703000
40.345820 -3.824870
40.416000 -3.703000
40.416000 -3.703000
40.416000 -3.703000
40.416000 -3.703000
40.416000 -3.703000
40.416000 -3.703000
40.416000 -3.703000
40.416000 -3.703000
40.416000 -3.703000
40.416000 -3.703000
40.416000 -3.703000
40.416000 -3.703000
40.416000 -3.703000
40.416000 -3.703000
40.416000 -3.703000
40.416000 -3.703000
40.236040 -3.767520
40.416000 -3.703000
40.416000 -3.703000
40.416000 -3.703000
40.416000 -3.703000
40.416000 -3.703000
40.416000 -3.703000
40.416000 -3.703000
40.416000 -3.703000
40.416000 -3.703000
40.416000 -3.703000
40.416000 -3.703000
40.416000 -3.703000
40.416000 -3.703000
40.416000 -3.703000
40.416000 -3.703000
40.416000 -3.703000
40.416000 -3.703000
40.416000 -3.703000
40.416000 -3.703000
40.416000 -3.703000
40.416000 -3.703000
40.416000 -3.703000
40.416000 -3.703000
40.416000 -3.703000
40.416000 -3.703000
40.416000 -3.703000
40.416000 -3.703000
40.416000 -3.703000
40.416000 -3.703000
40.416000 -3.703000
40.416000 -3.703000
40.416000 -3.703000
40.236040 -3.767520
40.416000 -3.703000
40.416000 -3.703000
40.416000 -3.703000
40.416000 -3.703000
40.416000 -3.703000
40.416000 -3.703000
40.416000 -3.703000
40.416000 -3.703000
40.416000 -3.703000
40.416000 -3.703000
40.416000 -3.703000
40.241470 -3.699990
40.416000 -3.703000
40.416000 -3.703000
40.416000 -3.703000
40.416000 -3.703000
40.416000 -3.703000
40.416000 -3.703000
40.416000 -3.703000
40.416000 -3.703000
40.416000 -3.703000
40.416000 -3.703000
40.416000 -3.703000
40.416000 -3.703000
40.416000 -3.703000
40.416000 -3.703000
40.416000 -3.703000
40.416000 -3.703000
40.416000 -3.703000
40.416000 -3.703000
40.416000 -3.703000
40.416000 -3.703000
40.416000 -3.703000
40.327180 -3.763500
40.416000 -3.703000
40.416000 -3.703000
40.416000 -3.703000
40.416000 -3.703000
40.416000 -3.703000
40.416000 -3.703000
40.190810 -3.678870
40.416000 -3.703000
40.416000 -3.703000
40.416000 -3.703000
40.416000 -3.703000
40.416000 -3.703000
40.416000 -3.703000
40.416000 -3.703000
40.416000 -3.703000
40.416000 -3.703000
40.416000 -3.703000
40.416000 -3.703000
40.416000 -3.703000
40.416000 -3.703000
40.416000 -3.703000
40.416000 -3.703000
40.416000 -3.703000
40.416000 -3.703000
40.416000 -3.703000
40.322340 -3.864960
40.416000 -3.703000
40.416000 -3.703000
40.473530 -3.871820
40.544330 -3.615880
40.416000 -3.703000
40.416000 -3.703000
40.416000 -3.703000
40.416000 -3.703000
40.416000 -3.703000
40.416000 -3.703000
40.305710 -3.732950
40.416000 -3.703000
40.416000 -3.703000
40.416000 -3.703000
40.416000 -3.703000
40.416000 -3.703000
40.416000 -3.703000
40.416000 -3.703000
40.416000 -3.703000
40.416000 -3.703000
40.416000 -3.703000
40.547460 -3.641970
40.345820 -3.824870
40.416000 -3.703000
40.416000 -3.703000
40.416000 -3.703000
40.416000 -3.703000
40.416000 -3.703000
40.416000 -3.703000
40.416000 -3.703000
40.416000 -3.703000
40.416000 -3.703000
40.416000 -3.703000
40.416000 -3.703000
40.416000 -3.703000
40.416000 -3.703000
40.416000 -3.703000
40.416000 -3.703000
40.416000 -3.703000
40.416000 -3.703000
40.416000 -3.703000
40.416000 -3.703000
40.416000 -3.703000
40.416000 -3.703000
40.416000 -3.703000
40.416000 -3.703000
40.416000 -3.703000
40.416000 -3.703000
40.416000 -3.703000
40.416000 -3.703000
40.416000 -3.703000
40.416000 -3.703000
40.416000 -3.703000
40.416000 -3.703000
40.416000 -3.703000
40.416000 -3.703000
40.416000 -3.703000
40.416000 -3.703000
40.345820 -3.824870
40.416000 -3.703000
40.416000 -3.703000
40.305710 -3.732950
40.416000 -3.703000
40.416000 -3.703000
40.416000 -3.703000
40.416000 -3.703000
40.416000 -3.703000
40.416000 -3.703000
40.416000 -3.703000
40.416000 -3.703000
40.416000 -3.703000
40.416000 -3.703000
40.416000 -3.703000
40.416000 -3.703000
40.416000 -3.703000
40.416000 -3.703000
40.416000 -3.703000
40.416000 -3.703000
40.416000 -3.703000
40.416000 -3.703000
40.416000 -3.703000
40.416000 -3.703000
40.416000 -3.703000
40.416000 -3.703000
40.416000 -3.703000
40.416000 -3.703000
40.416000 -3.703000
40.416000 -3.703000
40.416000 -3.703000
40.416000 -3.703000
40.416000 -3.703000
40.416000 -3.703000
40.416000 -3.703000
40.416000 -3.703000
40.416000 -3.703000
40.416000 -3.703000
40.416000 -3.703000
40.416000 -3.703000
40.416000 -3.703000
40.416000 -3.703000
40.416000 -3.703000
40.416000 -3.703000
40.416000 -3.703000
40.416000 -3.703000
40.416000 -3.703000
40.416000 -3.703000
40.416000 -3.703000
40.416000 -3.703000
40.416000 -3.703000
40.416000 -3.703000
40.416000 -3.703000
40.416000 -3.703000
40.416000 -3.703000
40.416000 -3.703000
40.416000 -3.703000
40.416000 -3.703000
40.416000 -3.703000
40.416000 -3.703000
40.416000 -3.703000
40.416000 -3.703000
40.416000 -3.703000
40.416000 -3.703000
40.416000 -3.703000
40.416000 -3.703000
40.416000 -3.703000
40.416000 -3.703000
40.416000 -3.703000
40.416000 -3.703000
40.416000 -3.703000
40.416000 -3.703000
40.416000 -3.703000
40.416000 -3.703000
40.416000 -3.703000
40.416000 -3.703000
40.416000 -3.703000
40.417055 -3.703534
40.416000 -3.703000
40.416000 -3.703000
40.416000 -3.703000
40.416000 -3.703000
40.416000 -3.703000
40.416000 -3.703000
40.416000 -3.703000
40.416000 -3.703000
40.416000 -3.703000
40.416000 -3.703000
40.416000 -3.703000
40.416000 -3.703000
40.416000 -3.703000
40.416000 -3.703000
40.416000 -3.703000
40.416000 -3.703000
40.416000 -3.703000
40.416000 -3.703000
40.416000 -3.703000
40.416000 -3.703000
40.416000 -3.703000
40.416000 -3.703000
40.416000 -3.703000
40.416000 -3.703000
40.159130 -3.621030
40.322340 -3.864960
40.416000 -3.703000
40.416000 -3.703000
40.416000 -3.703000
40.416000 -3.703000
40.416000 -3.703000
40.416000 -3.703000
40.236040 -3.767520
40.416000 -3.703000
40.416000 -3.703000
40.416000 -3.703000
40.416000 -3.703000
40.416000 -3.703000
40.416000 -3.703000
40.416000 -3.703000
40.416000 -3.703000
40.416000 -3.703000
40.416000 -3.703000
40.416000 -3.703000
40.416000 -3.703000
40.416000 -3.703000
40.416000 -3.703000
40.416000 -3.703000
40.416000 -3.703000
40.416000 -3.703000
40.416000 -3.703000
40.416000 -3.703000
40.416000 -3.703000
40.416000 -3.703000
40.416000 -3.703000
40.345820 -3.824870
40.416000 -3.703000
40.416000 -3.703000
40.416000 -3.703000
40.416000 -3.703000
40.416000 -3.703000
40.416000 -3.703000
40.416000 -3.703000
40.416000 -3.703000
40.416000 -3.703000
40.416000 -3.703000
40.416000 -3.703000
40.416000 -3.703000
40.416000 -3.703000
40.416000 -3.703000
40.416000 -3.703000
40.416000 -3.703000
40.416000 -3.703000
40.416000 -3.703000
40.416000 -3.703000
40.416000 -3.703000
40.416000 -3.703000
40.305710 -3.732950
40.416000 -3.703000
40.416000 -3.703000
40.416000 -3.703000
40.416000 -3.703000
40.416000 -3.703000
40.416000 -3.703000
40.416000 -3.703000
40.416000 -3.703000
40.416000 -3.703000
40.416000 -3.703000
40.416000 -3.703000
40.416000 -3.703000
40.416000 -3.703000
40.576540 -3.926580
40.416000 -3.703000
40.416000 -3.703000
40.416000 -3.703000
40.416000 -3.703000
40.416000 -3.703000
40.416000 -3.703000
40.416000 -3.703000
40.414871 -3.720820
40.416000 -3.703000
40.416000 -3.703000
40.416000 -3.703000
40.416000 -3.703000
40.327180 -3.763500
40.416000 -3.703000
40.416000 -3.703000
40.416000 -3.703000
40.416000 -3.703000
40.416000 -3.703000
40.416000 -3.703000
40.416000 -3.703000
40.416000 -3.703000
40.416000 -3.703000
40.416000 -3.703000
40.416000 -3.703000
40.416000 -3.703000
40.416000 -3.703000
40.416000 -3.703000
40.416000 -3.703000
40.416000 -3.703000
40.416000 -3.703000
40.416000 -3.703000
40.416000 -3.703000
40.416000 -3.703000
40.416000 -3.703000
40.416000 -3.703000
40.416000 -3.703000
40.416000 -3.703000
40.416000 -3.703000
40.031080 -3.602460
40.300760 -3.437220
40.416000 -3.703000
40.453909 -3.703548
40.453926 -3.703442
40.411014 -3.693081
40.414871 -3.720820
40.481140 -3.691641
40.474534 -3.639384
40.447418 -3.717450
40.400000 -3.683330
40.312107 -3.861363
40.531760 -3.634022
40.425160 -3.698820
40.474954 -3.638185
40.483300 -3.866670
40.472500 -3.721510
40.411111 -3.691667
40.284598 -3.804309
40.406234 -3.568537
40.716700 -3.983330
40.323665 -3.715860
40.438450 -3.712815
40.412734 -3.711187
40.400000 -3.683330
40.429542 -3.672253
40.422910 -3.755950
40.392894 -3.656003
40.420100 -3.702800
40.283300 -3.800000
40.392635 -3.689075
40.413151 -3.719798
40.426780 -3.702550
40.490053 -3.358452
40.444617 -3.470813
40.400000 -3.683330
40.447394 -3.627940
40.300876 -4.419404
40.433892 -3.717211
40.498187 -3.370788
40.400000 -3.683330
40.417813 -3.700121
40.903916 -3.879460
40.424053 -3.717778
40.266700 -4.466670
40.381945 -3.674437
40.366704 -3.713323
40.412345 -3.699478
40.591961 -4.146613
40.411764 -3.778341
40.400000 -3.683330
40.436209 -3.646176
40.454611 -3.693602
40.429799 -3.691406
41.133300 -3.800000
40.424343 -3.689699
40.422730 -3.713059
40.400000 -3.683330
40.550000 -3.633330
40.383300 -3.733330
40.416690 -3.684080
40.353288 -3.682418
40.412001 -3.709705
40.503296 -3.698560
40.422188 -3.709130
40.000000 -4.000000
40.235986 -3.775879
40.478959 -3.686346
40.327475 -3.766595
40.033048 -4.209101
40.550948 -3.629891
40.550947 -3.629896
40.416690 -3.700345
40.422990 -3.690830
40.550936 -3.629866
40.535525 -3.616820
40.383670 -3.727990
40.670442 -3.203860
40.491296 -3.591611
40.897500 -4.004444
40.406599 -3.675009
40.544239 -3.692030
40.482869 -3.716901
40.400000 -3.683330
39.936057 -3.999285
39.936057 -3.999285
39.926625 -4.002080
40.400000 -3.683330
40.491296 -3.591611
40.216667 -3.850000
40.446717 -4.003245
40.497787 -3.686845
40.316700 -3.850000
40.584615 -4.135577
40.348067 -3.704544
40.440372 -3.788650
40.415470 -3.706478
40.578499 -3.739471
40.578499 -3.739471
40.508286 -3.682619
40.508286 -3.682619
40.226219 -3.758747
40.503296 -3.698560
40.503296 -3.698560
40.300830 -3.466595
40.578499 -3.739471
40.476438 -3.662572
40.460139 -3.700297
39.866700 -4.016670
40.421209 -3.708529
40.439096 -3.651998
40.521652 -3.889672
40.446871 -3.868903
40.457724 -3.721104
40.379433 -3.710083
40.403400 -3.681260
40.383670 -3.727990
40.635659 -4.005545
40.468639 -3.569506
40.033048 -4.209101
40.417055 -3.703534
40.403884 -3.667942
40.380648 -3.618751
40.408662 -3.693793
40.416690 -3.684080
40.425654 -3.716719
40.447615 -3.703750
40.450029 -3.650890
40.497055 -3.872800
40.452817 -3.688962
40.424053 -3.717778
40.446730 -3.707033
40.393388 -3.714942
40.366258 -3.617998
40.429799 -3.691406
40.479010 -3.572102
40.949740 -4.122940
40.492980 -3.874531
40.422790 -3.697458
40.419308 -3.705287
40.419308 -3.705287
40.419308 -3.705287
40.419308 -3.705287
40.419308 -3.705287
40.419308 -3.705287
40.427629 -3.689864
40.400000 -3.683330
40.863370 -3.617610
40.422990 -3.690830
40.442963 -3.683167
40.291319 -4.011251
40.425160 -3.674860
40.400000 -3.683330
40.400000 -3.683330
40.421667 -3.698056
40.763868 -3.406094
40.471230 -3.581636
40.538299 -3.646342
40.350000 -3.833333
40.400000 -3.683330
40.400000 -3.683330
40.405547 -3.837855
39.882494 -4.032116
40.550000 -3.633330
40.788697 -4.003422
40.380070 -3.778951
40.450680 -3.729330
40.403710 -3.705451
40.694340 -3.339360
40.322287 -3.865050
40.432585 -3.676854
40.439674 -3.633662
40.466700 -3.633330
40.400953 -3.700564
40.312116 -3.861389
40.603559 -3.250779
40.516268 -3.774611
40.488392 -3.663320
40.426681 -3.687155
40.583300 -4.150000
40.400000 -3.683330
40.498765 -3.881536
40.423865 -3.613081
40.504875 -3.892633
40.460110 -3.606050
40.419308 -3.705287
40.419308 -3.705287
40.449200 -3.695090
40.413812 -3.703958
40.400000 -3.683330
40.386111 -3.738889
40.394674 -3.678463
40.441036 -3.690292
40.377830 -3.615505
40.400000 -3.683330
40.173151 -3.285672
40.417821 -3.684465
40.400000 -3.683330
40.405547 -3.837855
40.466646 -3.689309
40.296809 -3.837686
40.400000 -3.683330
40.833300 -3.533330
40.418151 -3.711886
40.416707 -3.703324
40.448777 -3.677880
40.433333 -4.050000
40.400000 -3.683330
40.116700 -3.833330
40.446943 -4.003464
40.433710 -3.710440
39.983686 -3.189244
40.452817 -3.688962
40.478626 -3.737560
40.479010 -3.572102
40.504068 -3.636973
40.233300 -3.766670
40.433189 -3.716095
40.472956 -3.643805
40.440056 -3.699166
40.448075 -3.672959
40.400000 -3.683330
40.434127 -3.717862
40.315290 -3.727100
40.315290 -3.727100
40.315290 -3.727100
40.315290 -3.727100
40.396224 -3.708390
40.400000 -3.683330
40.415470 -3.706478
40.440230 -3.733674
40.630852 -4.007140
40.491296 -3.591611
40.155700 -3.885600
40.460820 -3.680820
40.385301 -3.686774
40.429799 -3.691406
40.444747 -3.734144
40.350000 -3.833333
40.419071 -3.692314
40.415178 -3.669450
40.400000 -3.683330
40.398654 -3.664744
40.633300 -3.166670
40.555000 -3.618000
40.292528 -3.836849
40.950000 -4.116670
40.400000 -3.683330
40.471712 -3.362373
40.419070 -3.692301
40.523460 -3.900808
40.344091 -3.750351
40.316700 -3.850000
40.503296 -3.698560
40.400000 -3.683330
40.503296 -3.698560
40.503296 -3.698560
40.431507 -3.561909
40.417821 -3.684465
40.283300 -3.800000
40.423278 -3.688599
40.424343 -3.689699
40.388344 -3.730720
40.487490 -3.662160
40.550944 -3.629873
40.384506 -3.718329
40.800000 -3.166670
40.412001 -3.709705
40.328100 -3.764400
40.400000 -3.683330
40.550924 -3.629803
40.468468 -3.623672
40.431467 -3.561926
40.400000 -3.683330
40.431538 -3.561868
40.412468 -3.699369
40.431431 -3.561993
40.416620 -3.702640
40.501320 -3.365888
40.430791 -3.690531
40.400000 -3.683330
40.400000 -3.683330
40.336036 -3.754742
39.866700 -4.016670
40.435351 -3.625080
40.464806 -3.570000
40.431520 -3.676780
40.435351 -3.625080
40.578499 -3.739471
40.578499 -3.739471
40.431088 -3.673662
40.431088 -3.673662
40.431088 -3.673662
40.430521 -3.539182
40.431088 -3.673662
40.431088 -3.673662
40.491296 -3.591611
39.866700 -4.016670
40.400000 -3.683330
40.383300 -3.616670
40.414111 -3.703475
40.399291 -3.708493
40.316700 -3.850000
40.406483 -3.690368
40.503296 -3.698560
40.503296 -3.698560
40.415470 -3.706478
40.459059 -3.706543
40.401580 -3.606110
40.420278 -3.664167
40.416900 -3.711460
40.578499 -3.739471
40.417821 -3.684465
40.469998 -3.367710
40.535134 -3.616791
40.033048 -4.209101
40.400000 -3.683330
40.400000 -3.683330
40.400000 -3.683330
40.283495 -3.818955
40.416620 -3.702640
40.467876 -3.617907
40.417405 -3.712187
40.417055 -3.703534
40.406303 -3.674355
40.396224 -3.708390
40.429710 -3.702470
40.438569 -3.635690
40.293555 -3.780973
40.412001 -3.709705
40.437267 -3.691326
40.420233 -3.705821
40.033048 -4.209101
40.549391 -3.689288
40.467693 -3.618464
40.937637 -4.111786
40.900701 -4.006763
40.381938 -3.674447
40.429799 -3.691406
40.402812 -3.698082
40.402812 -3.698082
40.402812 -3.698082
40.402812 -3.698082
40.478645 -3.694493
40.662143 -3.773454
40.424332 -3.679050
40.520131 -3.652277
40.582410 -3.583360
40.423433 -3.884914
40.645679 -3.732440
40.507635 -3.708642
40.465053 -3.625422
40.421082 -3.601499
40.520131 -3.652277
40.386127 -3.606190
40.560540 -3.596020
40.556270 -3.710456
40.324763 -3.894011
40.398205 -3.765840
40.204422 -3.679389
40.274801 -3.690792
40.257870 -3.762603
40.682332 -4.117732
40.525021 -3.689005
40.449885 -3.573354
40.461774 -3.495406
40.326275 -3.850801
40.682332 -4.117732
40.261612 -3.728163
40.170320 -3.813660
40.257870 -3.762603
40.449032 -3.879403
40.380060 -3.649044
40.472975 -3.643831
40.361846 -3.795899
40.479010 -3.572102
40.422714 -3.687133
40.400000 -3.683330
40.376498 -3.620821
40.402420 -3.666919
40.461971 -3.693740
40.461971 -3.693740
40.322594 -3.861499
40.472222 -3.560833
40.432405 -3.719324
40.420233 -3.705821
40.419430 -3.687970
40.333185 -3.866322
40.411279 -3.708161
40.422778 -3.711944
40.480787 -3.871393
40.464826 -3.715977
40.400000 -3.683330
40.350000 -3.833333
40.436403 -3.686260
40.316510 -3.724270
40.432349 -3.606130
40.384239 -3.764260
40.233300 -3.683330
40.400000 -3.683330
40.400000 -3.683330
40.402812 -3.698082
40.453249 -3.703020
40.033063 -4.209100
40.343953 -3.750447
40.406467 -3.633390
40.343860 -3.536050
40.412808 -3.709043
40.300000 -4.000000
40.348067 -3.704544
40.430748 -3.703030
40.376254 -3.621890
40.424861 -3.701938
40.438450 -3.712815
40.033063 -4.209100
40.400000 -3.683330
40.422243 -3.695470
40.300000 -4.000000
40.420300 -3.707340
40.300000 -4.000000
40.432065 -3.716001
40.422140 -3.704404
40.418151 -3.711886
40.427097 -3.702961
40.380039 -3.778868
40.416690 -3.684080
40.503296 -3.698560
40.503296 -3.698560
40.415447 -3.708886
40.550983 -3.629858
40.492341 -3.370150
40.404350 -3.672900
40.424226 -3.671550
40.550962 -3.629857
40.241963 -3.696707
40.550927 -3.629909
40.550917 -3.629899
40.404815 -3.647378
40.550914 -3.629911
40.400000 -3.683330
40.422287 -3.708974
40.400000 -3.683330
40.418151 -3.711886
40.283495 -3.818955
40.400000 -3.683330
40.337120 -3.755100
40.400000 -3.683330
40.433189 -3.716095
40.400000 -3.683330
40.350028 -3.710017
40.303667 -3.437173
40.439185 -3.631785
40.429799 -3.691406
40.503296 -3.698560
40.400000 -3.683330
40.406300 -3.674361
40.299618 -3.924535
40.406310 -3.674367
40.336036 -3.754742
40.425420 -3.688104
40.430309 -3.702720
40.423278 -3.688599
40.364061 -3.590919
40.033063 -4.209100
40.324316 -3.782756
40.416532 -3.694990
40.503296 -3.698560
40.503296 -3.698560
40.389885 -3.636678
40.423278 -3.688599
40.389871 -3.636694
40.349685 -3.821195
40.389924 -3.636601
40.421741 -3.613335
40.400000 -3.683330
40.389922 -3.636695
40.450680 -3.729330
40.033063 -4.209100
40.400000 -3.683330
40.418151 -3.711886
40.033063 -4.209100
40.427342 -3.708473
40.366772 -3.547276
40.503296 -3.698560
40.412808 -3.709043
40.422778 -3.711944
40.265220 -3.840482
40.416690 -3.684080
40.400000 -3.683330
40.424861 -3.701938
40.316700 -3.850000
39.866700 -4.016670
40.437060 -3.712860
40.464806 -3.570000
40.400000 -3.683330
40.400000 -3.683330
40.634404 -4.017857
40.400000 -3.683330
40.493395 -3.377846
40.578499 -3.739471
40.578499 -3.739471
40.578499 -3.739471
40.414981 -3.702479
40.344080 -3.750375
40.332797 -3.823248
40.380040 -3.778912
39.866700 -4.016670
40.544239 -3.692030
40.550942 -3.629863
40.444597 -3.719385
40.490901 -3.687365
40.758927 -4.071338
40.400000 -3.683330
40.429799 -3.691406
40.413647 -3.706618
40.445616 -3.728460
40.419717 -3.705576
40.411900 -3.694710
40.413734 -3.706565
40.448245 -3.702052
40.453225 -3.674176
40.400000 -3.683330
40.406324 -3.674359
40.340277 -3.747703
40.429799 -3.691406
40.566700 -3.066670
40.327061 -3.861775
40.406026 -3.698900
40.200000 -3.800000
40.520561 -3.347870
40.413292 -3.694074
40.461501 -3.698936
40.344723 -3.691097
40.296744 -3.986130
40.465835 -3.686196
40.515105 -3.671967
40.413947 -3.703412
40.406342 -3.677985
40.413947 -3.703412
40.364061 -3.590919
40.372128 -3.587439
40.416690 -3.684080
40.413947 -3.703412
40.400000 -3.683330
40.421354 -3.707821
40.416799 -3.703517
40.416206 -3.697048
40.400000 -3.683330
40.413947 -3.703412
40.049943 -3.990949
40.422484 -3.665532
40.417821 -3.684465
40.422518 -3.665522
40.500000 -3.683330
40.400000 -3.683330
40.633300 -3.233330
40.577504 -3.932237
40.413947 -3.703412
40.466700 -3.866670
40.418366 -3.748438
40.352029 -3.878370
40.413947 -3.703412
40.413947 -3.703412
40.427247 -3.604568
40.466836 -3.693414
40.501204 -3.695202
40.439159 -3.719026
40.672522 -4.099804
40.333185 -3.866322
40.501104 -3.366001
40.457876 -3.692129
40.446597 -3.693748
40.382238 -3.647007
40.429411 -3.530901
40.415470 -3.706478
40.464826 -3.715977
40.032093 -3.603288
40.454813 -3.598420
40.400000 -3.683330
40.387420 -3.653098
40.392036 -3.661502
40.372995 -3.917147
40.550000 -3.633330
40.503296 -3.698560
40.552491 -3.617140
40.466700 -3.633330
40.400000 -3.683330
40.416775 -3.703790
40.534620 -3.621258
40.525040 -3.212408
40.375149 -3.732655
40.472395 -3.375917
40.406309 -3.674349
40.400000 -3.683330
40.423167 -3.709484
40.622606 -3.723140
40.385918 -3.726401
40.496187 -3.714534
40.397193 -3.701426
40.390390 -3.668658
40.400000 -3.683330
40.445027 -3.706988
40.434317 -3.682037
40.416690 -3.684080
40.380049 -3.778872
40.551063 -3.629817
40.503296 -3.698560
40.503296 -3.698560
40.462560 -3.692940
40.237080 -3.772320
40.416690 -3.684080
40.434119 -3.687921
40.625168 -3.165277
40.431487 -3.561913
40.504002 -3.636990
40.415470 -3.706478
40.575663 -4.002233
40.431466 -3.561920
40.431491 -3.561917
40.501474 -3.366085
40.423288 -3.677330
40.406607 -3.632951
40.406686 -3.675055
40.435269 -3.712594
40.483300 -3.866670
40.429799 -3.691406
40.400000 -3.683330
40.578499 -3.739471
40.478330 -3.639843
40.950000 -4.116670
40.339548 -3.733325
40.950000 -4.116670
40.416690 -3.684080
40.479010 -3.572102
40.403710 -3.705451
40.321916 -3.741963
40.661502 -4.098616
40.441585 -3.621401
40.487342 -3.660983
40.400000 -3.683330
40.521394 -3.886348
40.489140 -3.865610
39.983333 -4.281389
40.578499 -3.739471
40.406428 -3.600354
40.504078 -3.636970
40.466716 -3.459447
40.268784 -3.432561
40.417821 -3.684465
40.400000 -3.683330
40.532220 -3.782099
40.525021 -3.689005
40.408839 -3.710937
40.420010 -3.701805
40.507635 -3.708642
40.421263 -3.601645
40.489140 -3.865610
40.567771 -3.915690
40.422287 -3.708974
40.400000 -3.683330
40.454480 -3.694030
40.400000 -3.683330
40.386111 -3.738889
40.417134 -3.704062
40.416690 -3.684080
40.416850 -3.703755
40.406448 -3.632751
40.491296 -3.591611
40.416633 -3.703551
40.551025 -3.629868
40.550993 -3.629843
40.400000 -3.683330
40.416835 -3.703507
40.400000 -3.683330
40.467614 -3.676463
40.284551 -3.804309
40.413095 -3.700734
40.479010 -3.572102
40.400000 -3.683330
40.405135 -3.721351
40.434124 -3.687922
40.400000 -3.683330
40.434129 -3.687921
40.372002 -3.918686
40.434184 -3.717933
40.422700 -3.697515
40.435275 -3.676641
40.400000 -3.683330
40.491966 -3.568905
40.460220 -3.699253
40.467620 -3.639600
40.495834 -3.567432
40.424153 -3.684602
40.337470 -3.773021
40.439838 -3.682490
40.423035 -3.671461
40.400000 -3.683330
40.434128 -3.687926
40.307978 -3.727819
40.406546 -3.632110
40.415470 -3.706478
40.400000 -3.683330
40.406353 -3.674348
40.406576 -3.632518
40.572944 -3.925452
40.420134 -3.705772
40.479010 -3.572102
40.406479 -3.632598
40.406438 -3.632786
40.406369 -3.632508
40.479010 -3.572102
40.400000 -3.683330
40.170833 -3.896944
40.416775 -3.703790
40.479010 -3.572102
40.415760 -3.708490
40.400000 -3.683330
40.443027 -3.684612
40.491296 -3.591611
40.424257 -3.670405
40.440012 -3.650597
40.400000 -3.683330
40.380037 -3.649087
40.400000 -3.683330
40.469628 -3.569892
40.416758 -3.694676
40.451042 -3.720862
40.429799 -3.691406
40.422519 -3.691907
40.479010 -3.572102
40.367155 -3.692046
40.472222 -3.560833
40.717020 -3.988200
40.303626 -3.437131
40.416715 -3.701413
40.431479 -3.561854
40.431628 -3.561744
40.431645 -3.561744
40.705741 -3.426670
40.389646 -3.734364
40.464806 -3.570000
40.373427 -3.772180
40.409330 -3.700890
40.459179 -3.697663
40.622592 -3.723093
40.438173 -3.710044
40.459149 -3.697651
40.425160 -3.674860
40.600000 -3.250000
40.417807 -3.721466
40.431654 -3.561691
40.406635 -3.675013
40.406532 -3.632981
40.551065 -3.629812
40.430413 -3.710044
40.420610 -3.699050
40.433300 -3.566670
40.415470 -3.706478
40.551031 -3.629880
40.499400 -3.657470
40.467218 -3.616712
40.386111 -3.738889
40.620250 -4.004703
40.435938 -3.684731
40.423812 -3.671981
40.450012 -3.786785
40.428820 -3.660113
40.424861 -3.701938
40.452329 -3.785246
40.424861 -3.701938
40.448777 -3.787803
39.915553 -4.001110
40.459152 -3.697660
40.265220 -3.840482
40.672518 -4.099821
40.384239 -3.764260
40.418151 -3.711886
40.484886 -3.689255
40.433300 -3.566670
40.415386 -3.700420
40.409812 -3.761658
40.491296 -3.591611
40.490326 -3.649407
40.415470 -3.706478
40.333185 -3.866322
40.406281 -3.632508
40.409541 -3.693172
40.400000 -3.683330
40.436841 -3.670547
40.472078 -3.362176
40.417823 -3.703329
40.032044 -3.603156
40.482130 -3.367020
40.400000 -3.683330
40.400000 -3.683330
40.420233 -3.705821
40.333185 -3.866322
40.420233 -3.705821
40.427692 -3.716807
40.566700 -4.000000
40.245270 -3.696136
40.441622 -3.677328
40.420000 -3.688889
40.421003 -3.529654
40.400000 -3.683330
40.396224 -3.708390
40.400000 -3.683330
40.429799 -3.691406
40.417821 -3.684465
40.400000 -3.683330
40.425497 -3.704037
40.733300 -4.066670
40.414162 -3.692486
40.367730 -3.747200
40.282677 -3.798904
40.000000 -4.000000
40.417821 -3.684465
40.425066 -3.674314
40.405032 -3.690686
40.400000 -3.683330
40.403908 -3.703031
40.309118 -3.934939
40.421668 -3.707111
40.550000 -3.383330
40.400000 -3.683330
40.423812 -3.671981
40.475725 -3.654017
40.705741 -3.426670
40.384239 -3.764260
40.405950 -3.699760
40.433086 -3.614918
40.304700 -3.731100
40.425128 -3.689597
40.472222 -3.560833
40.413643 -3.739385
40.367155 -3.692046
40.291319 -4.011251
40.547520 -3.633930
40.417556 -3.707848
40.277560 -3.809046
40.415470 -3.706478
40.344098 -3.750543
40.415364 -3.707398
40.406223 -3.677338
40.294798 -3.784580
40.394192 -3.707690
39.866700 -4.016670
40.392196 -3.741985
40.422287 -3.708974
40.424120 -3.706205
40.433892 -3.717211
40.440065 -3.706159
40.422640 -3.703600
40.417910 -3.709820
40.266700 -3.900000
40.481191 -3.361555
40.417055 -3.703534
40.417910 -3.709820
40.240769 -3.692790
40.432361 -3.606049
40.931650 -4.095930
40.425679 -3.696219
40.404750 -3.703693
40.045094 -3.834745
40.360346 -3.807184
40.413059 -3.664844
40.368524 -3.741763
40.455901 -3.863785
40.406428 -3.600354
40.170833 -3.896944
40.391364 -3.767860
40.476352 -3.654531
40.476251 -3.654427
40.406483 -3.690368
40.350000 -3.833333
40.446068 -3.677757
40.425000 -3.690278
40.436944 -3.721667
40.032044 -3.603156
40.413433 -3.667895
40.450000 -3.483330
40.348067 -3.704544
40.415958 -3.671356
40.479010 -3.572102
40.397143 -3.762079
40.410209 -3.702107
40.414130 -3.708790
40.400000 -3.683330
40.476281 -3.654508
40.416700 -3.650000
40.324153 -3.882384
40.343603 -3.675160
40.424060 -3.650839
40.424101 -3.650819
40.445816 -3.532803
40.430145 -3.710044
40.430145 -3.710044
40.412407 -3.699474
40.412408 -3.699466
40.481581 -3.732275
40.450000 -4.466670
40.414672 -3.700681
40.400000 -3.683330
40.344043 -3.750356
40.411253 -3.676548
40.296809 -3.837686
40.418151 -3.711886
40.375465 -3.639774
40.400000 -3.683330
40.431302 -3.701183
40.487683 -3.368648
40.420233 -3.705821
40.466836 -3.693414
40.439159 -3.710044
40.413849 -3.712960
40.400000 -3.683330
40.415364 -3.707398
40.415470 -3.706478
40.400000 -3.683330
40.400000 -3.683330
40.421470 -3.703470
40.451416 -3.693704
40.400000 -3.683330
40.419598 -3.796963
40.424053 -3.717778
40.400000 -3.683330
40.304700 -3.731100
40.598499 -3.505208
40.265120 -3.840510
40.730131 -3.866803
40.117500 -3.854360
40.419867 -3.701852
40.950000 -4.116670
40.400000 -3.683330
40.418151 -3.711886
40.400000 -3.683330
40.621537 -4.014713
40.400000 -3.683330
40.418857 -3.673903
40.459101 -3.697673
40.412808 -3.709043
40.414672 -3.700681
40.400000 -3.683330
40.404081 -3.692978
40.707437 -3.970280
40.418151 -3.711886
40.625208 -3.165293
40.381957 -3.674461
40.381967 -3.674399
40.400000 -3.683330
40.344106 -3.750745
40.423120 -3.704480
40.420233 -3.705821
40.250000 -3.833330
40.418151 -3.711886
40.400000 -3.683330
40.473329 -3.681208
40.446159 -3.677930
40.422590 -3.696780
40.448364 -3.692277
40.446943 -4.003464
40.414414 -3.715420
40.433531 -3.686625
40.414414 -3.715420
40.417307 -3.708597
40.400000 -3.683330
40.424053 -3.717778
40.733300 -4.066670
40.400000 -3.683330
40.486936 -3.657136
40.400000 -3.683330
40.386499 -3.766525
40.424904 -3.691370
40.400000 -3.683330
40.429433 -3.530880
40.429510 -3.701590
40.400000 -3.683330
40.400000 -3.683330
40.503650 -3.706330
40.401634 -3.720632
40.367155 -3.692046
40.316700 -3.850000
40.420750 -3.699325
40.385301 -3.686774
40.026107 -4.423126
40.406689 -3.675038
40.474443 -3.637879
40.425140 -3.699000
40.398442 -3.766307
40.415470 -3.706478
40.419247 -3.705332
40.421540 -3.698030
40.021667 -3.986389
40.319130 -3.875230
40.283300 -3.800000
40.384506 -3.718329
40.950000 -3.083330
40.400000 -3.683330
40.395400 -3.710720
40.404173 -3.701839
40.427723 -3.695943
40.426428 -3.705712
40.438704 -3.709758
40.400000 -3.683330
40.398712 -3.735347
40.420233 -3.705821
40.479010 -3.572102
40.283300 -3.800000
40.454843 -3.796699
40.422287 -3.708974
40.397222 -3.655833
40.336036 -3.754742
40.466700 -3.366700
40.429799 -3.691406
40.426897 -3.703331
40.430145 -3.710044
40.410242 -3.710174
40.400000 -3.683330
40.447650 -3.669000
40.336036 -3.754742
40.417055 -3.703534
40.552133 -3.640433
40.138415 -3.440207
40.283300 -3.800000
40.427390 -3.715920
40.423270 -3.688430
40.566700 -3.066670
40.473761 -3.687173
40.406483 -3.690368
40.447522 -3.779145
40.474432 -3.637797
40.495834 -3.567432
40.479010 -3.572102
40.418721 -3.670310
40.400000 -3.683330
40.417821 -3.684465
40.400000 -3.683330
40.453911 -3.703490
40.416775 -3.703790
40.418110 -3.695750
40.024297 -3.601606
40.204472 -4.085771
40.413643 -3.739385
40.348067 -3.704544
40.439159 -3.710044
40.402158 -3.631253
39.866700 -4.016670
40.439159 -3.710044
40.788697 -4.003422
40.296773 -3.808127
40.414524 -3.692114
40.329206 -3.508397
40.512028 -3.680438
40.414162 -3.692486
40.413268 -3.691215
40.413514 -3.691357
40.414061 -3.691668
40.413291 -3.691210
40.417055 -3.703534
40.423000 -3.701660
40.250000 -3.833330
40.350000 -4.400000
40.400000 -3.683330
40.400000 -3.683330
40.438885 -3.710044
40.427230 -3.758100
40.400000 -3.683330
40.352952 -3.882675
40.400000 -3.683330
40.387394 -3.645436
40.387386 -3.645424
40.387368 -3.645403
40.400000 -3.683330
40.400000 -3.683330
40.286840 -3.786977
40.405809 -3.689466
40.472947 -3.643815
40.486881 -3.657113
40.417055 -3.703534
40.416633 -3.703551
40.419359 -3.692833
40.400000 -3.683330
40.541036 -3.623727
40.400000 -3.683330
40.429799 -3.691406
40.378517 -3.658647
40.425497 -3.704037
40.400000 -3.683330
40.475245 -3.635026
40.429162 -3.709380
40.406483 -3.690368
40.592015 -4.146649
40.534342 -3.656084
40.400000 -3.683330
40.425497 -3.704037
40.381963 -3.674482
40.469011 -3.633881
40.544058 -3.652015
40.277558 -3.808910
40.429799 -3.691406
40.423812 -3.671981
40.525904 -3.910545
40.503296 -3.698560
40.503296 -3.698560
40.501290 -3.365895
40.422778 -3.711944
40.422778 -3.711944
40.283300 -3.800000
40.362628 -3.758505
40.583300 -3.166670
40.456324 -3.448629
40.417821 -3.684465
40.503296 -3.698560
40.503296 -3.698560
40.503296 -3.698560
40.558264 -3.708788
40.300000 -4.000000
40.429770 -3.632280
40.418110 -3.699192
40.442493 -3.725865
40.414414 -3.691755
40.414414 -3.691755
40.578499 -3.739471
40.578499 -3.739471
40.433892 -3.717211
40.503296 -3.698560
40.486217 -3.577388
40.429419 -3.530875
40.406234 -3.568537
40.433300 -3.566670
40.578499 -3.739471
40.578499 -3.739471
40.591963 -4.146624
40.450450 -3.693734
40.628590 -4.008416
40.460220 -3.699253
40.440011 -3.643560
40.400000 -3.683330
40.052091 -3.573519
40.422287 -3.708974
39.866700 -4.016670
40.422990 -3.690830
40.400000 -3.683330
40.639221 -3.577223
40.385052 -4.455194
40.414162 -3.692486
40.467218 -3.616712
40.457500 -3.705556
40.418151 -3.711886
40.476206 -3.654397
40.392664 -3.685217
40.465854 -3.692941
40.465976 -3.692906
40.417055 -3.703534
40.439546 -3.643035
40.407179 -3.693449
40.368715 -3.599213
40.406666 -3.675032
40.479010 -3.572102
40.351072 -3.263656
40.379110 -3.668050
40.481379 -3.667946
40.479010 -3.572102
40.417821 -3.684465
40.481340 -3.667831
40.637094 -3.160473
40.448313 -3.703111
40.413353 -3.691353
40.333185 -3.866322
40.495834 -3.567432
40.550000 -3.333330
40.428499 -3.688428
40.428429 -3.671182
40.397110 -3.655110
40.429799 -3.691406
40.526982 -3.631923
40.551001 -3.629842
40.400000 -3.683330
40.379039 -3.626026
40.430130 -3.685623
40.343687 -3.706331
40.286765 -3.794511
40.286760 -3.794504
40.286743 -3.794484
40.286732 -3.794514
40.406715 -3.359582
40.286754 -3.794502
40.823360 -3.961345
40.472259 -3.630220
40.242842 -3.775353
40.535279 -3.638745
40.551031 -3.629803
40.397222 -3.655833
40.435510 -3.711369
40.486190 -3.336824
40.435546 -3.711375
40.400000 -3.683330
40.479010 -3.572102
40.444525 -3.671877
40.406591 -3.701353
40.476270 -3.654488
40.435546 -3.711367
40.497675 -3.709435
40.416633 -3.703551
40.416667 -3.703889
40.423000 -3.701660
40.437990 -3.687560
40.330784 -3.769297
40.416667 -3.703889
40.476262 -3.654416
40.422778 -3.711944
40.466437 -3.721235
40.452645 -4.002327
40.477135 -3.630609
39.866700 -4.016670
40.476278 -3.654437
40.627809 -4.008088
40.315290 -3.727100
40.476268 -3.654514
40.419590 -3.707950
40.503296 -3.698560
40.406223 -3.677338
40.433086 -3.614918
40.417055 -3.703534
40.488383 -3.370516
40.429430 -3.530892
40.634421 -4.017817
40.476348 -3.654643
40.634428 -4.017825
40.487310 -3.660489
40.426110 -3.707432
40.431948 -3.663311
40.417055 -3.703534
40.550937 -3.629932
40.299684 -3.753995
40.336036 -3.754742
40.420000 -3.688889
40.400000 -3.683330
40.401450 -3.721200
40.418151 -3.711886
40.466415 -3.689674
40.484822 -3.689187
40.400000 -3.683330
40.400000 -3.683330
40.341520 -3.749368
40.399109 -3.715543
40.406482 -3.610185
40.283300 -3.800000
40.392021 -3.697641
40.429860 -3.687010
40.508286 -3.682619
40.508286 -3.682619
40.394192 -3.707690
40.427413 -3.677915
40.558264 -3.708788
40.422778 -3.711944
40.442900 -3.680550
40.462509 -3.686720
40.459086 -3.697681
40.400000 -3.683330
40.503296 -3.698560
40.503296 -3.698560
40.390890 -3.757954
40.491296 -3.591611
40.420387 -3.703315
40.420387 -3.703315
40.550000 -3.633330
40.431147 -3.699936
40.419959 -3.713076
40.336036 -3.754742
40.343916 -3.750882
40.409672 -3.699100
40.416633 -3.703551
40.422188 -3.709130
40.417055 -3.703534
40.400000 -3.683330
40.634411 -4.017843
40.466700 -3.366700
40.393212 -3.698183
40.400000 -3.683330
40.634402 -4.017850
40.550946 -3.629963
40.550961 -3.629863
40.400000 -3.683330
40.475801 -3.653951
40.417055 -3.703534
40.633300 -3.166670
40.866700 -3.483330
40.464082 -3.649321
40.578499 -3.739471
40.417055 -3.703534
40.363351 -3.738925
40.316700 -3.850000
40.450680 -3.729330
40.456889 -3.646602
40.378119 -3.650443
40.427648 -3.672444
40.467616 -3.676520
40.416690 -3.684080
40.434666 -3.703823
40.578499 -3.739471
40.396927 -3.697385
40.396877 -3.697333
40.583300 -4.116670
40.414162 -3.692486
40.422450 -3.695030
40.429778 -3.701001
40.416690 -3.684080
40.231859 -3.769622
40.443579 -3.726948
40.400000 -3.683330
40.948932 -4.123639
40.415363 -3.709042
40.416700 -4.000000
40.334401 -3.878563
40.000000 -4.000000
40.400000 -3.683330
40.400000 -3.683330
40.430636 -3.717998