40.415470 -3.706478
40.416690 -3.684080
40.417821 -3.684465
40.413556 -3.682056
40.417821 -3.684465
40.417821 -3.684465
40.348624 -3.710640
40.417821 -3.684465
40.415470 -3.706478
40.417821 -3.684465
40.412808 -3.709043
40.416690 -3.684080
40.417821 -3.684465
40.417821 -3.684465
40.417821 -3.684465
40.417821 -3.684465
40.415470 -3.706478
40.415470 -3.706478
40.417821 -3.684465
40.417821 -3.684465
40.417821 -3.684465
40.417821 -3.684465
40.416690 -3.684080
40.412808 -3.709043
40.417821 -3.684465
40.417821 -3.684465
40.417821 -3.684465
40.415470 -3.706478
40.417821 -3.684465
40.417821 -3.684465
40.417821 -3.684465
40.416690 -3.684080
40.348624 -3.710640
40.417821 -3.684465
40.403504 -3.675268
40.416690 -3.684080
40.417821 -3.684465
40.417821 -3.684465
40.417821 -3.684465
40.415470 -3.706478
40.416690 -3.684080
40.415470 -3.706478
40.416690 -3.684080
40.416690 -3.684080
40.417821 -3.684465
40.408072 -3.676729
40.417821 -3.684465
40.417821 -3.684465
40.425160 -3.674860
40.417821 -3.684465
40.417821 -3.684465
40.417821 -3.684465
40.416690 -3.684080
40.417821 -3.684465
40.414981 -3.702479
40.412808 -3.709043
40.417821 -3.684465
40.416690 -3.684080
40.416690 -3.684080
40.417821 -3.684465
40.417821 -3.684465
40.410040 -3.686863
40.417821 -3.684465
40.416690 -3.684080
40.417821 -3.684465
40.417821 -3.684465
40.348624 -3.710640
40.416690 -3.684080
40.417821 -3.684465
40.417821 -3.684465
40.416690 -3.684080
40.416690 -3.684080
40.413730 -3.681768
40.417821 -3.684465
40.412808 -3.709043
40.416690 -3.684080
40.417821 -3.684465
40.425160 -3.674860
40.417821 -3.684465
40.417821 -3.684465
40.417821 -3.684465
40.417821 -3.684465
40.415470 -3.706478
40.417821 -3.684465
40.417821 -3.684465
40.417821 -3.684465
40.416690 -3.684080
40.417821 -3.684465
40.417821 -3.684465
40.417821 -3.684465
40.416690 -3.684080
40.415470 -3.706478
40.416690 -3.684080
40.412808 -3.709043
40.417821 -3.684465
40.417821 -3.684465
40.415470 -3.706478
40.416690 -3.684080
40.415470 -3.706478
40.417821 -3.684465
40.416632 -3.684065
40.417821 -3.684465
40.416690 -3.684080