40.416000 -3.703000
40.417055 -3.703534
40.400000 -3.683330
40.425160 -3.698820
40.392635 -3.689075
40.400000 -3.683330
40.400000 -3.683330
40.383300 -3.733330
40.422188 -3.709130
40.316700 -3.850000
40.457724 -3.721104
40.450029 -3.650890
40.400000 -3.683330
40.400000 -3.683330
40.448777 -3.677880
40.400000 -3.683330
40.433189 -3.716095
40.400000 -3.683330
40.400000 -3.683330
40.316700 -3.850000
40.400000 -3.683330
40.423278 -3.688599
40.424343 -3.689699
40.400000 -3.683330
40.430791 -3.690531
40.400000 -3.683330
40.535134 -3.616791
40.400000 -3.683330
40.549391 -3.689288
40.400000 -3.683330
40.433189 -3.716095
40.400000 -3.683330
40.425420 -3.688104
40.423278 -3.688599
40.423278 -3.688599
40.400000 -3.683330
40.400000 -3.683330
40.464806 -3.570000
40.400000 -3.683330
40.400000 -3.683330
40.416799 -3.703517
40.400000 -3.683330
40.483300 -3.866670
40.400000 -3.683330
40.400000 -3.683330
40.400000 -3.683330
40.491966 -3.568905
40.424153 -3.684602
40.400000 -3.683330
40.400000 -3.683330
40.433300 -3.566670
40.400000 -3.683330
40.414162 -3.692486
40.400000 -3.683330
40.405950 -3.699760
40.413643 -3.739385
40.446068 -3.677757
40.400000 -3.683330
40.415364 -3.707398
40.400000 -3.683330
40.419867 -3.701852
40.400000 -3.683330
40.400000 -3.683330
40.400000 -3.683330
40.418151 -3.711886
40.400000 -3.683330
40.316700 -3.850000
40.419247 -3.705332
40.400000 -3.683330
40.400000 -3.683330
40.447522 -3.779145
40.413643 -3.739385
40.400000 -3.683330
40.400000 -3.683330
40.400000 -3.683330
40.400000 -3.683330
40.417055 -3.703534
40.416633 -3.703551
40.400000 -3.683330
40.400000 -3.683330
40.300000 -4.000000
40.433892 -3.717211
40.400000 -3.683330
40.417055 -3.703534
40.407179 -3.693449
40.379110 -3.668050
40.448313 -3.703111
40.400000 -3.683330
40.283300 -3.800000
40.427413 -3.677915
40.422778 -3.711944
40.416633 -3.703551
40.422188 -3.709130
40.400000 -3.683330
40.400000 -3.683330