40.416000 -3.703000
40.416000 -3.703000
40.416000 -3.703000
40.416000 -3.703000
40.416000 -3.703000
40.416000 -3.703000
40.416000 -3.703000
40.418940 -3.696970
40.419510 -3.699340
40.420100 -3.702800
40.420100 -3.702800
40.420100 -3.702800
40.420100 -3.702800
40.420100 -3.702800
40.420100 -3.702800
40.420100 -3.702800
40.420100 -3.702800
40.420320 -3.703110
40.420100 -3.702800
40.420100 -3.702800
40.419284 -3.698083
40.417903 -3.704731
40.420100 -3.702800
40.417392 -3.705857
40.420100 -3.702800
40.420100 -3.702800
40.418940 -3.696970
40.422287 -3.708974
40.419510 -3.699340
40.420190 -3.703841
40.422287 -3.708974
40.422287 -3.708974
40.422287 -3.708974
40.000000 -4.000000
40.422287 -3.708974
40.422287 -3.708974
40.421489 -3.701560
40.420033 -3.702536
40.420100 -3.702800
40.400000 -3.683330
40.422287 -3.708974
40.422287 -3.708974
40.422287 -3.708974
40.420000 -3.703611
40.422287 -3.708974
40.422287 -3.708974
40.419949 -3.703380
40.420320 -3.703110
40.420100 -3.702800
40.422287 -3.708974
40.420439 -3.706471
40.420387 -3.703315
40.422287 -3.708974
40.422287 -3.708974
40.420190 -3.703841
40.422287 -3.708974
40.422287 -3.708974
40.422287 -3.708974
40.422287 -3.708974
40.422287 -3.708974
40.422287 -3.708974
40.418940 -3.696970
40.422287 -3.708974
40.422287 -3.708974
40.422287 -3.708974
40.422287 -3.708974
40.422287 -3.708974
40.420387 -3.703315
40.422287 -3.708974
40.422287 -3.708974
40.422287 -3.708974
40.422287 -3.708974
40.422287 -3.708974
40.422287 -3.708974
40.422287 -3.708974
40.420100 -3.702800
40.422287 -3.708974
40.469511 -3.641195
40.420100 -3.702800
40.422287 -3.708974
40.422287 -3.708974
40.422287 -3.708974
40.422287 -3.708974
40.422287 -3.708974
40.422287 -3.708974
40.422287 -3.708974
40.422287 -3.708974
40.423115 -3.710020
40.422287 -3.708974
40.422287 -3.708974
40.422287 -3.708974
40.422287 -3.708974
40.422287 -3.708974
40.422287 -3.708974
40.422287 -3.708974
40.422287 -3.708974
40.422287 -3.708974
40.420090 -3.700820
40.422287 -3.708974
40.422287 -3.708974
40.422287 -3.708974
40.420387 -3.703315
40.422287 -3.708974
40.420387 -3.703315
40.422287 -3.708974
40.419284 -3.698083
40.422287 -3.708974