40.47901 -3.572102
40.47901 -3.572102
40.47901 -3.572102
40.47901 -3.572102
40.47901 -3.572102
40.47901 -3.572102
40.47901 -3.572102
40.47901 -3.572102
40.47901 -3.572102
40.47901 -3.572102
40.47901 -3.572102
40.47901 -3.572102
40.47901 -3.572102
40.47901 -3.572102
40.47901 -3.572102
40.47901 -3.572102
40.47901 -3.572102
40.47901 -3.572102
40.47901 -3.572102
40.47901 -3.572102
40.47901 -3.572102
40.47901 -3.572102
40.47901 -3.572102
40.47901 -3.572102
40.47901 -3.572102
40.47901 -3.572102
40.47901 -3.572102
40.47901 -3.572102
40.47901 -3.572102
40.47901 -3.572102
40.47901 -3.572102
40.47901 -3.572102
40.47901 -3.572102
40.47901 -3.572102
40.47901 -3.572102
40.47901 -3.572102
40.47901 -3.572102
40.47901 -3.572102
40.47901 -3.572102
40.47901 -3.572102
40.47901 -3.572102
40.47901 -3.572102
40.47901 -3.572102
40.47901 -3.572102
40.47901 -3.572102
40.47901 -3.572102
40.47901 -3.572102
40.47901 -3.572102
40.47901 -3.572102
40.47901 -3.572102
40.47901 -3.572102
40.47901 -3.572102
40.47901 -3.572102
40.47901 -3.572102
40.47901 -3.572102
40.47901 -3.572102
40.47901 -3.572102
40.47901 -3.572102
40.47901 -3.572102
40.47901 -3.572102
40.47901 -3.572102
40.47901 -3.572102
40.47901 -3.572102
40.47901 -3.572102
40.47901 -3.572102
40.47901 -3.572102
40.47901 -3.572102
40.47901 -3.572102
40.47901 -3.572102
40.47901 -3.572102
40.47901 -3.572102
40.47901 -3.572102
40.47901 -3.572102
40.47901 -3.572102
40.47901 -3.572102
40.47901 -3.572102
40.47901 -3.572102
40.47901 -3.572102
40.47901 -3.572102
40.47901 -3.572102
40.47901 -3.572102
40.47901 -3.572102
40.47901 -3.572102
40.47901 -3.572102
40.47901 -3.572102
40.46148 -3.576660
40.47901 -3.572102
40.47901 -3.572102
40.47901 -3.572102
40.47901 -3.572102
40.47901 -3.572102
40.47901 -3.572102
40.47901 -3.572102
40.47901 -3.572102
40.47901 -3.572102
40.47901 -3.572102
40.47901 -3.572102